6625392;6625392
6632430;6632430
6626478;6626478
6627803;6627803
6626166;6626166
6626674;6626674
6626429;6626429
6626480;6626480
6632702;6632702
6626627;6626627
6626168;6626168
6627490;6627490
6627805;6627805
6626676;6626676
6626169;6626169
6632703;6632703
6626431;6626431
6627491;6627491
6626674;6626674
6627806;6627806
6626731;6626731
6627492;6627492
6632705;6632705
6627808;6627808
6626484;6626484
6632707;6632707
6627495;6627495
6626176;6626176
6627498;6627498
6626488;6626488
6626633;6626633
6626684;6626684
6632710;6632710
6626685;6626685
6626439;6626439
6626686;6626686
6632711;6632711
6627813;6627813
6626179;6626179
6627500;6627500
6626634;6626634
6632712;6632712
6626738;6626738
6626440;6626440
6626686;6626686
6626441;6626441
6626181;6626181
6626688;6626688
6627816;6627816
6626689;6626689
6626640;6626640
6626692;6626692
6627516;6627516
6627839;6627839
6626205;6626205
6626709;6626709
6627525;6627525
6626208;6626208
6632737;6632737
6627526;6627526
6626710;6626710
6626710;6626710
6626212;6626212
6627606;6627606
6626536;6626536
6626564;6626564
6627610;6627610
6626105;6626105
6626791;6626791
6626567;6626567
6626606;6626606
6627730;6627730
6626539;6626539
6626539;6626539
6632766;6632766
6626607;6626607
6626542;6626542
6626611;6626611
6626113;6626113
6626614;6626614
6626114;6626114
6626575;6626575
6626550;6626550
