72657;72658;8843;9110045
72658;72657;8844;9110584
72658;72657;8844;9111025
72659;72663;8845;9111270
72660;72660;8846;9111760
72675;72774;8852;9111809
72661;72672;8847;9111858
72663;72698;8848;9111956
72663;72698;8848;9112005
72667;72688;8849;9112544
72672;72661;8850;9112593
72673;72673;8851;9112691
72675;72653;8852;9112936
72675;72653;8852;9113034
72677;72713;8853;9113377
72678;72702;8854;9113671
72688;72667;8855;9113818
72691;72691;8856;9113867
72702;72678;8858;9113916
72702;72678;8858;9114014
72709;72659;8859;9114161
72712;72712;8861;9114749
72723;72723;8862;9114847
72620;72620;8866;9114896
72743;72743;8867;9114945
72585;72588;8870;9114994
72585;72588;8870;9115043
65001;65002;8001;9117003
65002;65004;8002;9117689
65004;65001;8003;9118032
65005;65014;8004;9118571
65005;90000;8004;9119012
65011;65020;8005;9119061
65008;65005;8006;9119551
65014;65013;8007;9119992
65014;65013;8007;9120041
65015;65007;8008;9120335
65018;65033;8009;9120825
65018;65037;8009;9121021
65021;65046;8010;9121266
65019;65008;8011;9121756
65019;65050;8011;9122001
65023;65011;8012;9122246
65024;65019;8013;9122785
65024;65026;8013;9123030
65025;65034;8014;9123471
65026;65028;8015;9123961
65026;65028;8015;9124010
65020;65023;8016;9124353
65034;65052;8017;9124843
65034;65054;8017;9125039
65037;65040;8018;9125431
65040;65024;8019;9125872
65040;65024;8019;9126019
65048;65015;8020;9126313
65058;65017;8021;9126803
65058;75011;8021;9127048
75005;65021;8022;9127440
65027;65022;8023;9128028
65047;65270;8024;9128567
65269;65047;8025;9129008
65316;65272;8026;9129498
65274;65301;8027;9129988
65274;65301;8027;9130037
65268;65271;8028;9130478
65277;65282;8029;9130968
65277;65282;8029;9131017
65279;65285;8030;9131409
65301;65268;8031;9131752
65301;65268;8031;9132046
65319;65281;8032;9132291
75202;65267;8033;9132781
75202;65267;8033;9133026
75204;65269;8034;9133222
65288;65277;8035;9133663
65280;65288;8036;9134055
65320;65324;8037;9134447
65323;65320;8038;9134741
65323;65332;8038;9135035
65324;65323;8039;9135182
65332;65328;8040;9135623
65332;75301;8040;9136015
65337;65326;8041;9136064
65338;65327;8042;9136505
65340;75401;8043;9136995
65340;75401;8043;9137044
65344;75408;8044;9137485
65346;65347;8045;9137926
65346;65347;8045;9138024
65352;65354;8046;9138465
65353;65356;8047;9139004
65354;65353;8048;9139494
65355;65336;8049;9139984
65355;65351;8049;9140033
65356;65338;8050;9140425
65363;65343;8051;9140768
65363;65457;8051;9141013
65367;65348;8052;9141209
75415;65335;8053;9141699
65350;65345;8054;9142091
75525;65470;8058;9142532
75413;75419;8055;9142581
75413;90000;8055;9143022
75421;65349;8056;9143218
75525;65367;8058;9143610
75525;90000;8058;9144002
65377;65379;8059;9144149
65381;65390;8060;9144688
65381;75403;8060;9145031
65387;65383;8061;9145178
65419;65474;8062;9145766
65419;90000;8062;9146011
65389;65404;8063;9146207
65392;65395;8064;9146746
65392;65420;8064;9147040
65393;65394;8065;9147334
65394;65392;8066;9147775
65394;65392;8066;9148020
65395;65393;8067;9148167
65400;65377;8068;9148461
65401;65403;8069;9148755
65401;65466;8069;9149000
65404;65415;8070;9149147
65405;65388;8071;9149343
65406;65400;8072;9149735
65406;65407;8072;9150029
65407;65391;8073;9150078
65409;65381;8074;9150519
65413;65417;8075;9150911
65413;65417;8075;9151009
65414;65401;8076;9151352
65415;65382;8077;9151646
65415;65446;8077;9152038
65417;65346;8078;9152087
65478;65419;8079;9152577
65439;65410;8080;9152969
65439;65410;8080;9153018
65440;65431;8081;9153312
65451;65384;8082;9153704
65451;65452;8082;9154047
65453;65451;8083;9154243
65454;65479;8084;9154733
65454;65479;8084;9155027
65456;65376;8085;9155174
65458;65389;8086;9155762
65458;65389;8086;9156007
65464;65406;8087;9156154
65469;65436;8088;9156399
65430;65378;8089;9156840
65430;65454;8089;9157036
65358;65447;8090;9157526
65477;75515;8091;9157967
65477;75515;8091;9158016
null;99999;8092;9158408
65461;65425;8093;9158947
65461;65425;8093;9159045
65485;65486;8094;9159290
65486;65487;8095;9159829
65486;65502;8095;9160025
65491;65485;8096;9160368
65496;65493;8097;9160760
65496;65499;8097;9161005
65498;65488;8098;9161201
65499;65509;8099;9161789
65499;99999;8099;9162034
65500;65491;8100;9162230
65501;65498;8101;9162622
65501;65508;8101;9163014
65504;65489;8102;9163161
65505;65490;8103;9163651
65505;65633;8103;9164043
65509;65500;8104;9164092
65513;65505;8105;9164631
65513;65512;8105;9165023
65489;65503;8106;9165072
65534;65421;8107;9165562
65541;65511;8108;9166003
65543;65533;8109;9166444
65547;65543;8110;9166934
65547;65543;8110;9167032
65549;65547;8111;9167522
65550;65540;8112;9167963
65550;65540;8112;9168012
65554;65532;8113;9168502
65557;65554;8114;9168943
65557;65554;8114;9169041
65558;65573;8115;9169629
65558;75715;8115;9170021
65560;65553;8116;9170070
65565;65559;8117;9170511
65565;75713;8117;9171001
65567;65566;8118;9171148
65569;65556;8119;9171687
65569;99999;8119;9172030
65570;65562;8120;9172177
65573;65610;8121;9172569
65573;90000;8121;9173010
65575;65585;8122;9173059
65579;65595;8123;9173500
65596;65558;8124;9173941
65596;65558;8124;9174039
65597;65568;8125;9174382
65597;75727;8125;9175019
65599;65536;8126;9175068
65601;90000;8127;9175509
65603;65557;8128;9175803
65603;65557;8128;9176048
75703;65534;8129;9176587
65546;65548;8130;9177028
65771;65824;8131;9177371
65776;65778;8132;9177910
65776;65778;8132;9178008
65782;65818;8133;9178400
65783;65794;8134;9178743
65784;65776;8135;9179135
65785;65793;8136;9179527
65786;65848;8137;9179968
65786;65848;8137;9180017
65787;65785;8138;9180360
76001;65789;8139;9180703
76001;99999;8139;9181046
65793;65783;8140;9181095
65808;65784;8141;9181683
65808;65787;8141;9182026
65809;65805;8142;9182075
65810;65812;8143;9182565
65810;65816;8143;9183006
65826;65774;8144;9183104
65836;65819;8145;9183447
65820;65821;8146;9183839
65820;76009;8146;9184035
65795;65807;8147;9184133
65796;65800;8148;9184525
65802;65810;8149;9184966
65802;65810;8149;9185015
65803;65795;8150;9185505
65812;65770;8151;9185995
65812;65770;8151;9186044
65824;65804;8152;9186632
65827;65797;8153;9186828
65827;65799;8153;9187024
76006;65843;8154;9187122
65797;65798;8155;9187465
65671;65775;8156;9187710
65671;65788;8156;9188004
65631;65628;8157;9188151
65632;65709;8158;9188641
65632;90000;8158;9189033
65633;65630;8159;9189180
65635;65632;8160;9189572
65644;65643;8161;9190013
65645;65655;8162;9190405
65634;65631;8163;9190748
65634;65631;8163;9191042
65650;65652;8164;9191091
65652;65659;8165;9191532
65653;65651;8166;9192022
65654;65663;8167;9192267
65656;65635;8168;9192708
65647;65644;8169;9193002
65657;65669;8170;9193492
65660;65649;8171;9193884
65660;65653;8171;9194031
65661;65650;8172;9194374
65663;65639;8173;9194815
65663;65642;8173;9195011
65664;65659;8174;9195256
65666;65645;8175;9195746
65666;65657;8175;9196040
65667;65665;8176;9196138
65669;65646;8177;9196628
65670;65662;8178;9197020
65668;65670;8179;9197412
65672;65660;8180;9197804
65672;65660;8180;9198000
65690;65696;8181;9198098
65692;75935;8182;9198686
65692;75937;8182;9199029
65694;65692;8183;9199176
65697;65688;8184;9199764
65862;90000;8207;9210045
65876;65868;8208;9210192
65866;65869;8209;9210584
65867;65849;8210;9210927
65867;65849;8210;9211025
65869;65858;8211;9211270
65871;65859;8212;9211711
65871;65873;8212;9212005
65872;65860;8213;9212250
65873;65865;8214;9212642
65883;65875;8215;9213034
65875;65870;8216;9213377
65871;99999;8212;9213818
3081;13007;1057;1610045
3082;13043;1058;1610437
13007;3076;1059;1610878
4250;20099;2023;2610045
3867;4203;2024;2610388
4016;3893;2025;2610731
7121;7121;4037;4610045
7165;7171;4038;4610290
null;7100;4039;4610339
46140;46140;4041;4610780
7068;7068;4042;4610878
6998;6998;4043;4610927
8505;54795;5018;5610045
8506;8505;5019;5610094
8507;9219;5020;5610535
8171;50076;7041;7610045
8200;8027;7042;7610143
50007;50021;7043;7610682
50041;50056;7045;7610927
60080;60086;8327;9610045
60081;60093;8328;9610339
60084;60065;8329;9610633
60087;60075;8330;9610976
13007;13003;1059;1611025
13019;3075;1060;1611417
13040;13040;1061;1611809
4016;4223;2025;2611025
4019;3894;2026;2611368
6906;7167;4044;4611025
7167;6906;4045;4611123
7093;7093;4046;4611319
7179;7130;4047;4611564
7130;7170;4048;4611760
7188;46022;4049;4611858
7180;7148;4051;4611956
8507;9228;5020;5611025
9155;54368;5021;5611123
9219;9343;5022;5611466
50041;50056;7045;7611025
50335;50041;7047;7611123
50091;9526;7049;7611319
8202;9501;7050;7611368
9501;8202;7051;7611515
50070;8252;7052;7611809
60087;60082;8330;9611025
60089;60023;8331;9611466
60090;60028;8332;9611662
13040;13136;1061;1612005
3079;3079;1062;1612054
3080;3080;1063;1612152
13033;13033;1064;1612201
3083;3083;1065;1612495
13029;3089;1066;1612642
3090;13009;1067;1612887
4019;20452;2026;2612005
4166;4019;2027;2612054
4020;3829;2028;2612544
7180;46043;4051;4612005
6908;6908;4052;4612103
6983;6983;4054;4612152
46002;46002;4055;4612348
6901;7053;4056;4612397
7053;6901;4057;4612544
7040;7135;4059;4612740
6911;6911;4061;4612789
7125;7112;4062;4612838
9219;99999;5022;5612005
9228;8506;5023;5612054
9256;8639;5024;5612397
9343;54156;5025;5612838
50070;50123;7052;7612005
8104;50008;7053;7612152
50008;8104;7054;7612593
8177;50332;7055;7612838
8291;8177;7056;7612887
8290;8145;7057;7612985
60090;60092;8332;9612005
60091;60002;8333;9612152
60119;60008;8334;9612348
60029;60015;8335;9612838
3090;13020;1067;1613034
13009;13098;1068;1613181
13098;3090;1069;1613328
3752;18001;1070;1613622
18001;3751;1071;1613867
4021;4050;2029;2613034
3833;4187;2030;2613573
7125;99999;4062;4613034
7112;7125;4064;4613083
7028;7117;4065;4613230
7166;7166;4066;4613328
7163;7163;4067;4613377
7176;7176;4068;4613426
6979;6979;4069;4613475
7151;46009;4070;4613818
6985;7049;4072;4613916
6986;6986;4073;4613965
9343;99999;5025;5613034
54399;54169;5026;5613132
54459;54519;5027;5613230
55155;54026;5028;5613720
8508;54272;5029;5613916
8290;8145;7057;7613034
9539;8290;7058;7613132
50147;8103;7061;7613230
8289;50305;7062;7613377
8255;8140;7063;7613475
50095;8255;7064;7613818
60029;60030;8335;9613034
60097;60007;8336;9613230
60049;60036;8337;9613720
18001;3751;1071;1614014
3502;3503;1201;1614259
3503;3504;1202;1614602
3504;3502;1203;1614847
3833;4264;2030;2614014
4223;4020;2031;2614161
4048;3876;2032;2614749
6987;6987;4074;4614014
6990;6990;4075;4614063
7106;7106;4077;4614161
46095;7160;4078;4614210
46033;7161;4079;4614259
7164;7164;4081;4614406
6982;6982;4083;4614455
46017;6995;4085;4614553
46037;46037;4088;4614945
7136;7136;4092;4614994
8508;54272;5029;5614014
8509;8695;5030;5614455
8510;8511;5031;5614847
8046;8074;7065;7614014
50024;8046;7066;7614406
60049;60060;8337;9614014
60102;60021;8338;9614161
60106;60006;8339;9614553
60063;60039;8340;9614847
60050;60045;8341;9614994
3504;3506;1203;1615043
3505;16002;1204;1615239
3506;3505;1205;1615582
4048;4049;2032;2615043
20307;3883;2033;2615288
3876;4277;2034;2615680
7119;7119;4093;4615043
46147;46147;4094;4615141
7178;7178;4097;4615190
7002;7002;4099;4615239
7118;7001;4101;4615337
7001;7118;4102;4615729
7000;7143;4103;4615778
7050;7050;4106;4615827
7153;7153;4107;4615876
46006;46075;4110;4615925
6992;6992;4111;4615974
8510;8648;5031;5615043
8511;8512;5032;5615386
8513;8513;5033;5615729
50249;50075;7067;7615043
8093;8127;7068;7615141
8127;8093;7069;7615484
60050;60045;8341;9615043
60120;60066;8342;9615190
60122;60089;8343;9615533
60125;60077;8344;9615827
3506;16445;1205;1616023
3508;3501;1206;1616072
3509;3508;1207;1616513
16084;3507;1208;1616856
3876;20036;2034;2616023
4047;4051;2035;2616317
4051;3924;2036;2616954
6992;6992;4111;4616023
7055;7055;4112;4616072
7097;7097;4114;4616121
7024;7024;4115;4616317
7012;7012;4116;4616366
7139;7139;4117;4616415
46028;46028;4122;4616464
7043;7043;4125;4616513
7702;7702;4127;4616562
7707;7707;4128;4616660
7704;7132;4129;4616709
7705;7706;4130;4616905
8678;8508;5034;5616023
8695;8509;5035;5616611
8774;8990;5036;5616954
8127;50294;7069;7616023
8215;8274;7070;7616072
8218;8215;7071;7616954
60125;60083;8344;9616023
60129;60009;8345;9616219
60208;60203;8346;9616611
16084;16083;1208;1617003
3515;3513;1209;1617297
3516;3517;1210;1617493
16153;3516;1211;1617689
16099;16013;1212;1617836
4051;3924;2036;2617003
4079;4016;2037;2617444
6312;6311;4201;4617003
6366;41317;4202;4617493
6392;6303;4203;4617542
41082;41109;4207;4617738
6456;41082;4208;4617787
6410;6410;4210;4617934
6347;6347;4211;4617983
8774;8990;5036;5617003
8898;54096;5037;5617738
8218;8215;7071;7617003
8234;50090;7072;7617689
60208;60209;8346;9617003
60203;60215;8347;9617199
60204;60206;8348;9617738
16099;16047;1212;1618032
3523;3519;1214;1618277
3524;3522;1215;1618718
4079;99999;2037;2618032
4151;4021;2038;2618081
4264;4017;2039;2618571
41017;41235;4212;4618032
6419;6419;4213;4618375
6396;6393;4215;4618522
6397;6365;4216;4618767
6316;6348;4217;4618963
8898;54247;5037;5618032
8990;9129;5038;5618277
8234;50137;7072;7618032
8274;8218;7073;7618424
60204;60219;8348;9618032
60207;60210;8349;9618277
60210;60279;8350;9618767
3524;16091;1215;1619012
3525;3524;1216;1619159
16005;3527;1217;1619551
3528;3531;1218;1619845
4264;99999;2039;2619012
4277;3826;2040;2619110
20235;4204;2041;2619649
6316;6412;4217;4619012
6314;6309;4218;4619208
6364;6308;4219;4619551
8990;99999;5038;5619012
9032;8898;5039;5619061
9277;8678;5040;5619502
54009;8510;5041;5619943
8274;50310;7073;7619012
50185;50261;7074;7619110
60210;60279;8350;9619012
60212;60205;8351;9619061
60214;60278;8352;9619796
3528;16019;1218;1620041
3531;3528;1219;1620090
3532;16123;1220;1620384
16143;3532;1221;1620678
20235;99999;2041;2620041
4204;4194;2042;2620188
4194;3923;2043;2620874
6364;41219;4219;4620041
6363;6315;4222;4620090
6315;6304;4223;4620384
6313;6312;4224;4620629
6308;6364;4225;4620776
54009;9032;5041;5620041
54096;9285;5042;5620433
9043;54139;5043;5620727
56034;56083;6209;6620051
8408;9909;6210;6620102
8410;8457;6211;6620459
8423;8408;6212;6620867
8126;50051;7075;7620090
50040;50136;7076;7620139
50047;8098;7077;7620335
50163;50047;7078;7620482
50317;50149;7079;7620776
8220;8125;7082;7620874
50089;50344;7083;7620972
60214;60278;8352;9620041
60216;60201;8353;9620384
60218;60202;8354;9620825
3530;3530;1222;1621021
3536;3537;1227;1621119
3538;3536;1228;1621462
3534;3534;1230;1621658
3542;3542;1232;1621707
3544;3543;1235;1621805
3545;3545;1236;1621952
4194;20038;2043;2621021
4213;4180;2044;2621413
20724;20058;2045;2621903
6308;41079;4225;4621021
6307;6306;4226;4621070
6306;6307;4227;4621266
6348;6316;4228;4621364
6385;6492;4229;4621707
6311;6314;4230;4621805
9043;99999;5043;5621021
54591;9043;5044;5621119
8623;8623;5045;5621266
9031;8729;5046;5621511
9080;9031;5047;5621805
8423;8484;6212;6621020
8457;8410;6213;6621479
8470;8456;6214;6621887
50089;50344;7083;7621021
8047;8240;7084;7621119
8048;8230;7085;7621315
60218;60202;8354;9621021
60220;60211;8355;9621364
60225;60207;8356;9621658
3545;3545;1236;1622001
3546;3547;1240;1622050
3547;3546;1241;1622197
3746;3746;1242;1622491
3548;3740;1243;1622540
20724;20252;2045;2622001
20533;3825;2046;2622393
20004;3866;2047;2622834
6311;6314;4230;4622001
41080;41271;4233;4622197
6443;6318;4234;4622246
6393;6402;4235;4622540
6365;6389;4236;4622736
9080;54546;5047;5622001
8514;8737;5048;5622099
8871;54092;5049;5622589
54092;54541;5050;5622981
8470;8464;6214;6622040
8484;8409;6215;6622499
8049;8049;7086;7622001
8050;8217;7087;7622050
60227;60229;8357;9622001
60228;60230;8358;9622197
60231;60294;8359;9622687
60233;60284;8360;9622981
3549;3550;1244;1623030
3551;3755;1245;1623324
16214;3548;1246;1623814
20004;3866;2047;2623030
4025;4100;2048;2623275
4031;3839;2049;2623667
6365;41257;4236;4623030
6389;41115;4238;4623128
6472;41070;4239;4623177
41057;41331;4241;4623618
6345;6319;4242;4623667
6399;41072;4244;4623912
6374;6374;4246;4623961
54092;54541;5050;5623030
54541;8514;5051;5623373
8484;8424;6215;6623009
9902;9902;6216;6623162
9909;56008;6217;6623315
56021;8471;6218;6623723
8050;99999;7087;7623030
8080;8250;7088;7623079
60233;60284;8360;9623030
60235;60244;8361;9623275
60237;60240;8362;9623716
16214;16166;1246;1624010
3554;3552;1247;1624206
16340;16340;1248;1624451
3556;3563;1258;1624500
3558;3556;1259;1624941
4031;20641;2049;2624010
4100;3856;2050;2624108
4112;4027;2051;2624745
6322;6411;4248;4624010
41249;6362;4251;4624059
6323;6323;4252;4624108
6325;6325;4253;4624157
6435;6326;4257;4624206
6375;6375;4259;4624304
6356;6356;4260;4624402
6376;41117;4263;4624451
6466;6333;4264;4624500
6450;6450;4265;4624598
6482;41119;4268;4624647
6409;6482;4269;4624696
6455;6455;4274;4624745
6359;6359;4278;4624794
6458;6458;4282;4624843
6403;41246;4288;4624892
6354;6354;4290;4624941
6360;6360;4294;4624990
8725;8846;5052;5624010
8846;8725;5053;5624108
8886;8937;5054;5624353
56021;56016;6218;6624029
56052;56052;6219;6624233
8443;8443;6220;6624335
8420;56002;6221;6624641
8421;8465;6222;6624743
8422;8406;6223;6624998
8109;9538;7089;7624010
8117;8242;7090;7624794
60237;60247;8362;9624010
60239;60242;8363;9624353
60241;60233;8364;9624990
3558;3560;1259;1625039
3564;3557;1260;1625431
3565;3565;1261;1625872
3569;3567;1264;1625921
4112;4027;2051;2625039
4165;3882;2052;2625284
20009;4031;2053;2625676
6440;6440;4297;4625039
6361;6361;4299;4625088
6350;6350;4300;4625137
6332;6332;4302;4625186
6355;6355;4304;4625235
41177;41053;4306;4625284
6343;6343;4307;4625333
41107;6369;4308;4625431
6334;99999;4309;4625578
6335;6334;4315;4625627
6353;6353;4316;4625872
6340;6340;4318;4625970
8886;99999;5054;5625039
8916;54017;5055;5625088
8937;8840;5056;5625333
8422;8406;6223;6625049
8451;8428;6224;6625355
8465;8422;6225;6625508
8117;8242;7090;7625039
8151;50098;7091;7625676
8153;50068;7092;7625823
60241;60233;8364;9625039
60322;60297;8365;9625627
3569;3567;1264;1626019
3573;3570;1267;1626313
3572;3571;1268;1626509
3574;3574;1269;1626754
3575;16373;1270;1626852
3576;3576;1271;1626901
3663;3662;1272;1626999
20009;4286;2053;2626019
4198;20020;2054;2626166
4029;4249;2055;2626754
6340;6340;4318;4626019
6380;6380;4319;4626117
6436;6436;4322;4626166
6344;6344;4326;4626215
6377;6377;4331;4626313
6405;6405;4336;4626411
41090;41090;4338;4626460
6438;6367;4339;4626509
6048;6050;4401;4626607
6274;6074;4427;4626901
6050;6047;4402;4626950
9086;8886;5057;5626068
9218;8916;5058;5626411
54017;54473;5059;5626705
54093;9229;5060;5626852
8483;8419;6226;6626018
56014;8401;6227;6626171
8153;50402;7092;7626019
8173;8109;7093;7626607
8217;50002;7094;7626950
60322;60297;8365;9626019
60245;60239;8366;9626117
60247;60243;8367;9626362
60249;60238;8368;9626754
3663;3663;1272;1627048
3578;3578;1273;1627244
3579;3579;1274;1627440
3580;3580;1275;1627538
16148;3581;1276;1627636
16231;3582;1277;1627979
4029;99999;2055;2627048
3856;20580;2056;2627244
4227;4198;2057;2627587
4249;20282;2058;2627930
6050;6047;4402;4627048
6051;6046;4404;4627342
6047;6048;4406;4627587
6282;6271;4408;4627832
6019;6146;4409;4627930
54093;54561;5060;5627048
54084;54147;5061;5627342
54147;54084;5062;5627538
8852;54286;5063;5627685
54003;54003;5064;5627881
56014;56078;6227;6627038
56073;56014;6229;6627293
56040;56040;6230;6627956
8217;50083;7094;7627048
60249;60238;8368;9627048
60250;60234;8369;9627391
60255;60252;8370;9627734
60256;60213;8371;9627979
16231;16223;1277;1628028
16471;99999;1278;1628126
3583;3680;1281;1628175
16014;3584;1282;1628420
3753;3753;1283;1628616
3586;3587;1287;1628812
4249;20282;2058;2628028
4032;3809;2059;2628224
6019;6188;4409;4628028
6209;6013;4412;4628224
6214;6258;4413;4628469
6026;6027;4415;4628714
6022;6022;4417;4628910
54003;99999;5064;5628028
54286;8852;5065;5628077
8632;9181;5066;5628273
9284;8632;5067;5628567
8515;8667;5068;5628861
56040;56077;6230;6628007
8459;8459;6231;6628109
8401;9901;6232;6628364
8425;8427;6233;6628619
8427;8425;6234;6628874
8219;8206;7095;7628028
8230;8241;7096;7628959
60256;60213;8371;9628028
60257;60204;8372;9628322
60260;60225;8373;9628763
3586;16031;1287;1629008
16031;3586;1288;1629302
16118;16118;1289;1629645
16165;16077;1290;1629694
16175;16175;1291;1629890
4231;3841;2060;2629008
20107;3890;2061;2629596
6012;6085;4419;4629008
6021;6014;4420;4629155
6085;6012;4421;4629253
6227;6019;4422;4629400
6243;6237;4423;4629498
6188;6227;4424;4629645
6014;6021;4426;4629743
6133;6110;4429;4629841
6237;6226;4430;4629988
8515;8867;5068;5629008
8517;8734;5069;5629351
8660;8660;5070;5629939
8427;8426;6234;6629027
8411;8415;6235;6629180
8412;8414;6236;6629690
8230;8241;7096;7629008
8242;8048;7097;7629988
60260;60264;8373;9629008
60262;60254;8374;9629106
60265;60267;8375;9629302
60266;60250;8376;9629792
60276;60253;8377;9629939
16182;16182;1292;1630037
3596;3634;1293;1630135
3598;16041;1294;1630723
20107;20689;2061;2630037
20020;4227;2062;2630086
20317;4028;2063;2630625
6237;6243;4430;4630037
6117;6117;4432;4630184
6145;6145;4433;4630233
6033;6033;4435;4630282
6098;99999;4438;4630331
40029;40029;4439;4630380
6212;6212;4443;4630429
6132;6132;4446;4630478
6116;6116;4448;4630527
6084;6084;4450;4630576
6193;6193;4452;4630625
6072;40043;4455;4630674
6063;6064;4502;4630723
8660;9367;5070;5630037
8667;8517;5071;5630086
8681;8515;5072;5630723
8412;56067;6236;6630051
8413;56033;6237;6630255
8414;8411;6238;6630663
8242;8048;7097;7630037
8250;8160;7098;7630870
60276;60253;8377;9630037
60270;60275;8378;9630576
3598;16045;1294;1631017
3600;3598;1295;1631213
3601;3603;1296;1631703
20317;20152;2063;2631017
20152;3843;2064;2631164
4030;4263;2065;2631605
6063;40051;4502;4631017
6115;6065;4503;4631115
6176;6293;4504;4631262
6060;6057;4505;4631556
8681;8953;5072;5631017
8734;8516;5073;5631262
8776;8726;5074;5631752
8414;8418;6238;6631020
8417;8438;6239;6631275
8438;8454;6240;6631836
8250;8160;7098;7631017
8293;8047;7099;7631948
60270;60275;8378;9631017
60273;60260;8379;9631213
60279;60214;8380;9631654
3602;16016;1297;1632046
3603;3600;1298;1632781
4030;99999;2065;2632046
20212;4026;2066;2632095
4284;4117;2067;2632487
6108;6058;4506;4632046
6057;6060;4507;4632389
6058;6056;4508;4632879
8776;54090;5074;5632046
8854;54278;5075;5632291
8988;8787;5076;5632879
8438;8489;6240;6632040
8439;8416;6241;6632397
8440;56029;6242;6632958
8293;8047;7099;7632046
9538;8213;7100;7632389
60279;60290;8380;9632046
60281;60228;8381;9632144
60285;60241;8382;9632683
3603;3602;1298;1633026
3605;3604;1299;1633173
3606;3608;1300;1633516
3607;3599;1301;1633810
4284;20527;2067;2633026
4295;20032;2068;2633124
20017;3801;2069;2633859
6058;40044;4508;4633026
6059;6108;4509;4633320
6120;6293;4510;4633761
8988;9173;5076;5633026
8996;8988;5077;5633565
8769;8769;5078;5633859
8440;56029;6242;6633009
8449;9911;6243;6633774
9538;50206;7100;7633026
50030;8151;7101;7633075
60285;60241;8382;9633026
60286;60237;8383;9633075
60288;60269;8384;9633614
3607;3612;1301;1634006
3608;3611;1302;1634251
3609;3601;1303;1634545
3610;3609;1304;1634937
20017;4188;2069;2634006
4034;4090;2070;2634349
4090;4035;2071;2634839
6120;6293;4510;4634006
6064;6257;4511;4634251
6056;6210;4512;4634643
8769;99999;5078;5634006
8899;9088;5079;5634104
9088;8899;5080;5634398
8449;9911;6243;6634029
8454;8417;6244;6634488
8467;8439;6245;6634845
50034;50038;7102;7634006
50050;8050;7103;7634692
60288;60270;8384;9634006
60289;60232;8385;9634055
60290;60257;8386;9634692
3610;3609;1304;1635035
3615;3617;1305;1635427
3616;3743;1306;1635770
4090;20146;2071;2635035
4094;3918;2072;2635280
20146;3885;2073;2635721
6056;99999;4512;4635035
6065;40044;4513;4635182
6284;6284;4514;4635574
6168;6168;4517;4635623
6121;40046;4518;4635672
6054;6172;4521;4635966
9088;54900;5080;5635035
8593;54218;5081;5635231
54316;8593;5082;5635917
8467;8453;6245;6635049
8475;8413;6246;6635253
8496;56010;6247;6635865
50050;8173;7103;7635035
50103;9533;7104;7635378
50256;8080;7105;7635525
60290;60280;8386;9635035
60293;60231;8387;9635231
60296;60322;8388;9635476
60298;60312;8389;9635868
3616;3743;1306;1636015
3617;3618;1307;1636309
3620;3607;1308;1636799
20146;4147;2073;2636015
4147;3895;2074;2636309
4291;3828;2075;2636799
6054;6251;4521;4636015
6055;6121;4522;4636113
6269;6269;4524;4636260
6067;6067;4527;4636456
6128;6128;4529;4636554
6001;6001;4533;4636603
6114;6114;4535;4636750
6091;6091;4536;4636799
6006;6083;4537;4636848
6007;6006;4538;4636897
40036;40036;4539;4636946
54316;8593;5082;5636015
54108;54208;5083;5636652
8799;54125;5084;5636701
8496;56010;6247;6636018
8500;8440;6248;6636477
56029;8412;6249;6636936
50256;8117;7105;7636015
8139;8275;7106;7636113
8275;50014;7107;7636407
50014;8210;7108;7636701
60298;60312;8389;9636015
60300;60217;8390;9636358
60268;60259;8391;9636848
3620;3607;1308;1637044
3624;3678;1309;1637289
3626;3620;1310;1637779
4291;4116;2075;2637044
4101;4101;2076;2637485
20392;3832;2077;2637877
6007;99999;4538;4637044
6129;6129;4541;4637093
40056;40056;4544;4637142
6147;6147;4545;4637191
6044;6044;4546;4637240
6187;6192;4547;4637289
6130;6130;4549;4637387
6197;40088;4550;4637534
6138;6138;4552;4637583
6118;6118;4553;4637632
6079;99999;4554;4637681
6202;6053;4557;4637730
6092;6092;4559;4637779
6190;6190;4561;4637828
6127;6127;4565;4637926
6131;6131;4566;4637975
8799;99999;5084;5637044
9035;8799;5085;5637093
54125;9035;5086;5637485
54817;54670;5087;5637926
56029;8412;6249;6637038
8430;8430;6250;6637701
8429;8432;6251;6637803
50014;8210;7108;7637044
50168;8139;7110;7637191
8004;8150;7111;7637534
50010;8004;7112;7637828
60268;60259;8391;9637044
60303;60226;8392;9637191
60306;60261;8393;9637436
60277;60276;8394;9637779
3626;3629;1310;1638024
3630;3626;1311;1638318
20392;20254;2077;2638024
3909;3851;2078;2638122
4228;3846;2079;2638759
6140;6140;4567;4638024
40063;40063;4568;4638073
6142;6142;4571;4638122
6773;6844;4601;4638171
6714;6790;4602;4638367
6897;6898;4603;4638465
6898;6855;4604;4638857
54817;54789;5087;5638024
8672;9292;5088;5638220
9077;8672;5089;5638563
8429;8460;6251;6638007
8452;8452;6252;6638211
8460;8429;6253;6638415
9915;9915;6254;6638721
9917;9917;6255;6638874
8485;8431;6256;6638925
50010;9550;7112;7638024
8265;9535;7114;7638367
9535;8265;7115;7638465
8067;8161;7117;7638955
60277;60310;8394;9638024
60312;60274;8395;9638073
60314;60289;8396;9638661
60316;60246;8397;9638906
3632;16073;1312;1639004
3738;16260;1313;1639445
3743;3615;1314;1639788
4228;3896;2079;2639004
3878;3917;2080;2639200
3896;3878;2081;2639739
6898;6897;4604;4639004
6844;6850;4605;4639151
6842;6759;4606;4639641
6850;6773;4607;4639984
9077;99999;5089;5639004
54397;9077;5090;5639151
8759;9045;5091;5639592
9907;9907;6257;6639027
8436;8473;6258;6639384
56096;8435;6259;6639639
8437;8437;6260;6639843
8498;56005;6261;6639894
10357;10360;6301;6639996
8067;8243;7117;7639004
8100;8067;7118;7639396
8161;8100;7119;7639788
60316;60246;8397;9639004
60319;60212;8398;9639445
3743;16088;1314;1640033
3748;3613;1315;1640474
3896;20008;2081;2640033
3803;3819;2082;2640229
4037;3845;2083;2640768
6850;6773;4607;4640033
6713;6761;4608;4640376
6712;6712;4609;4640523
6790;6711;4610;4640621
6761;6713;4611;4640817
9045;9016;5092;5640033
54154;9028;5093;5640670
54714;8759;5094;5640915
3155;10223;6302;6640051
10223;3155;6303;6640255
10334;10334;6304;6640612
10378;10361;6305;6640663
3186;10255;6306;6640714
3187;3186;6307;6640918
8161;8272;7119;7640033
50164;8224;7120;7640180
8136;8211;7121;7640670
60320;60221;8399;9640033
60326;60323;8400;9640474
16025;3596;1316;1641013
16035;3630;1317;1641454
16040;3621;1318;1641944
4037;20304;2083;2641013
20045;4211;2084;2641258
4087;20045;2085;2641748
20304;4087;2086;2641846
6761;6843;4611;4641013
6707;6706;4612;4641111
6709;6707;4613;4641503
6843;45174;4614;4641601
6799;6799;4615;4641650
54714;8759;5094;5641013
55240;9255;5095;5641356
8533;8733;5096;5641552
3187;3186;6307;6641020
3188;10203;6308;6641326
3189;3187;6309;6641530
3190;3190;6310;6641989
8136;50311;7121;7641013
9548;9544;7124;7641160
50031;9548;7125;7641699
8103;50097;7126;7641748
8073;8225;7127;7641797
8225;50039;7128;7641993
60326;60323;8400;9641013
60482;60431;8401;9641062
60417;60405;8402;9641405
60447;60441;8403;9641797
16040;3621;1318;1642042
16045;16029;1319;1642630
20304;20261;2086;2642042
20206;20284;2087;2642385
20026;3906;2088;2642728
6799;6829;4615;4642042
6857;6881;4616;4642385
6840;6840;4617;4642434
6821;6757;4618;4642581
6762;6762;4619;4642777
6747;6747;4620;4642826
8733;54295;5097;5642042
8809;8533;5098;5642287
8922;8809;5099;5642728
3190;10448;6310;6642040
10205;3188;6311;6642091
3205;3205;6312;6642754
3206;3206;6313;6642805
10211;10074;6314;6642907
3222;3230;6315;6642958
8225;50039;7128;7642042
50039;8073;7129;7642189
8087;50071;7130;7642336
8149;8201;7131;7642483
8201;50350;7132;7642924
60447;60454;8403;9642042
60443;60442;8404;9642189
60449;60403;8405;9642532
60453;60492;8406;9642875
16045;16076;1319;1643022
16093;16036;1320;1643316
16117;16180;1321;1643806
20026;20757;2088;2643022
4186;3903;2089;2643316
20039;3879;2090;2643904
6747;6883;4620;4643022
45064;45128;4621;4643120
45127;6823;4622;4643169
45043;45043;4623;4643316
6786;6786;4624;4643365
6771;6701;4625;4643414
45042;45042;4629;4643610
6703;6896;4631;4643659
6795;6891;4632;4643806
6891;6795;4633;4643855
6704;99999;4634;4643953
8922;54291;5099;5643022
55091;9132;5100;5643120
8534;8761;5101;5643561
8896;8645;5102;5643953
3222;3230;6315;6643009
3223;3223;6316;6643468
3224;3473;6317;6643570
3226;3231;6318;6643774
8201;99999;7132;7643022
50071;8149;7133;7643071
50292;8087;7134;7643218
8115;50061;7135;7643414
8158;50392;7136;7643512
9543;8136;7137;7643561
60453;60492;8406;9643022
60451;60430;8407;9643169
60452;60408;8408;9643561
16117;16216;1321;1644002
16381;3748;1322;1644443
3633;3633;1323;1644933
20039;3879;2090;2644002
4221;4038;2091;2644345
3907;3907;2092;2644884
6705;45141;4635;4644002
6766;6766;4637;4644051
6729;6729;4638;4644149
6716;6778;4639;4644247
6778;6716;4641;4644345
6719;6719;4642;4644492
6784;6784;4643;4644688
6752;45045;4644;4644737
6801;45054;4645;4644786
45142;6752;4647;4644835
6718;6718;4648;4644884
45045;45018;4650;4644933
6832;6832;4651;4644982
8896;8645;5102;5644002
54556;8534;5103;5644296
9002;54050;5104;5644639
54050;9002;5105;5644884
3226;3231;6318;6644029
3227;3229;6319;6644437
3228;3226;6320;6644998
8097;8259;7138;7644002
8259;8278;7139;7644100
9513;8097;7140;7644296
8008;8175;7201;7644394
60456;60500;8409;9644002
60454;60438;8410;9644296
60458;60443;8411;9644688
16133;16200;1324;1645031
16200;3614;1325;1645129
3592;3592;1326;1645374
3593;3593;1327;1645423
16072;16072;1328;1645521
3591;3591;1330;1645570
16263;3589;1334;1645668
3907;4212;2092;2645031
4130;3811;2093;2645227
4141;4130;2094;2645619
6832;45053;4651;4645031
6775;6756;4654;4645080
6756;6721;4656;4645129
45070;45070;4663;4645276
6808;6724;4666;4645325
6723;6794;4667;4645521
54050;9002;5105;5645031
8703;9094;5106;5645227
8859;9085;5107;5645668
3228;3226;6320;6645049
3229;3225;6321;6645661
8008;9515;7201;7645031
8013;8014;7202;7645276
8014;8083;7203;7645913
60458;60457;8411;9645031
60506;60459;8412;9645276
60461;60453;8413;9645717
16263;3590;1334;1646011
3588;3588;1336;1646648
3635;16136;1337;1646795
4141;99999;2094;2646011
4300;3881;2095;2646158
4281;4141;2096;2646354
4113;3897;2097;2646893
6845;6849;4668;4646011
6794;6723;4669;4646158
45038;6728;4671;4646452
6848;6848;4672;4646599
6764;6764;4673;4646648
6727;6725;4674;4646697
6820;45006;4675;4646795
6724;6787;4676;4646893
8859;54664;5107;5646011
8912;8703;5108;5646158
9015;8859;5109;5646648
3229;3225;6321;6646018
3231;3228;6322;6646375
8014;8083;7203;7646011
8015;8159;7204;7646746
60461;99998;8413;9646011
60462;60458;8414;9646060
60467;60409;8415;9646452
60514;60420;8416;9646746
3635;99999;1337;1647040
16144;3635;1338;1647089
3637;3638;1339;1647530
4113;4113;2097;2647040
4039;3864;2098;2647432
45006;6853;4678;4647040
45010;45087;4679;4647138
45013;6727;4680;4647236
6735;6733;4682;4647285
6863;6894;4683;4647628
45079;45014;4684;4647775
9015;54200;5109;5647040
9094;8736;5110;5647432
54094;54145;5111;5647971
3231;10240;6322;6647038
3235;3234;6323;6647191
3489;3222;6324;6647395
10216;10216;6325;6647905
8015;52052;7204;7647040
8029;8033;7205;7647334
8030;8192;7206;7647726
8083;8084;7207;7647873
60514;60477;8416;9647040
60470;60417;8417;9647187
60493;60439;8418;9647432
60495;60467;8419;9647726
3637;16386;1339;1648020
3638;3636;1340;1648118
3642;3643;1341;1648755
16269;16056;1342;1648951
4086;3835;2099;2648020
4041;4097;2100;2648657
45079;45137;4684;4648020
6846;6846;4685;4648069
6744;6736;4686;4648216
6758;6861;4687;4648363
6739;6734;4688;4648559
54094;54145;5111;5648020
54168;9294;5112;5648216
8992;9147;5113;5648461
9147;54480;5114;5648706
10216;10325;6325;6648007
10275;3232;6326;6648109
3191;3191;6327;6648925
8083;8084;7207;7648020
8084;52042;7208;7648804
60495;60485;8419;9648020
60497;60493;8420;9648314
60498;60450;8421;9648608
60500;60460;8422;9648951
16269;16122;1342;1649000
16128;16028;1343;1649098
3644;3646;1344;1649294
3646;3661;1345;1649588
4041;20072;2100;2649000
3835;4042;2101;2649343
4097;4039;2102;2649931
6736;6863;4689;4649000
6726;6738;4690;4649294
6873;6732;4691;4649441
6738;6726;4692;4649490
6741;6740;4693;4649588
6743;6772;4694;4649882
9147;54957;5114;5649000
54480;8992;5115;5649294
54777;9325;5116;5649539
54978;54021;5117;5649735
3191;10267;6327;6649027
10047;10047;6329;6649180
10286;10207;6331;6649282
10285;10285;6332;6649435
3339;3338;6333;6649486
3342;3339;6334;6649843
8084;52066;7208;7649000
8086;8163;7209;7649343
8159;8008;7210;7649539
60500;60460;8422;9649000
60476;60412;8423;9649392
60654;60683;8424;9649784
3646;16007;1345;1650029
3649;3650;1346;1650127
3650;3644;1347;1650519
3651;3652;1348;1650862
4097;4039;2102;2650029
4236;3886;2103;2650274
4040;4076;2104;2650715
6743;45098;4694;4650029
6751;6741;4695;4650127
6772;6743;4696;4650421
6733;6735;4697;4650519
6816;6816;4699;4650960
54978;54920;5117;5650029
8546;54113;5118;5650078
8666;8751;5119;5650323
8765;8666;5120;5650568
9122;9345;5121;5650666
3342;3341;6334;6650029
10332;10192;6335;6650421
3347;3347;6336;6650617
3348;3348;6337;6650764
3349;3346;6338;6650862
3356;3356;6339;6650960
8191;8015;7211;7650029
8192;8030;7212;7650617
8247;8134;7213;7650862
60606;60604;8425;9650029
60608;99998;8426;9650372
60611;60624;8427;9650470
60614;60605;8428;9650715
60618;60626;8429;9650960
3651;16046;1348;1651009
3654;3651;1349;1651352
3655;3654;1350;1651695
4040;20037;2104;2651009
20241;4041;2105;2651352
20110;4133;2106;2651891
6816;6816;4699;4651009
45190;6746;4700;4651058
6806;6730;4701;4651107
6800;6800;4702;4651156
6814;6814;4703;4651254
6745;6745;4704;4651303
6870;6842;4705;4651401
6899;6899;4707;4651597
6774;6774;4710;4651646
6852;6852;4712;4651744
45028;45052;4713;4651793
6750;6750;4714;4651842
6754;6754;4719;4651940
6755;6755;4722;4651989
9122;9345;5121;5651009
9345;8546;5122;5651107
8547;54338;5123;5651352
8548;8547;5124;5651842
3356;10287;6339;6651009
10195;10195;6340;6651107
3373;3490;6341;6651156
3376;3376;6342;6651695
3490;3373;6343;6651891
8247;8134;7213;7651009
8288;8029;7214;7651303
9515;8016;7215;7651499
58058;9508;7217;7651744
8005;52012;7218;7651842
60618;60626;8429;9651009
60623;60621;8430;9651352
60859;60646;8431;9651940
3655;16298;1350;1652038
3656;3655;1351;1652136
16163;3648;1352;1652332
16212;3656;1353;1652675
20110;4153;2106;2652038
4121;3865;2107;2652332
20243;3880;2108;2652871
6763;45211;4724;4652038
6767;6767;4726;4652087
6776;6776;4731;4652136
6777;6777;4733;4652185
6839;6839;4734;4652234
45168;45065;4737;4652283
6789;6789;4739;4652332
45035;45035;4740;4652381
6791;6856;4742;4652430
6817;6817;4743;4652479
6792;45110;4744;4652528
6804;6804;4747;4652626
6805;6805;4750;4652675
6877;45074;4751;4652724
6810;6862;4752;4652773
6862;45181;4753;4652822
6818;6818;4754;4652969
8548;8691;5124;5652038
8636;8935;5125;5652528
8655;54418;5126;5652871
3490;3373;6343;6652038
10247;3375;6344;6652381
3378;3382;6345;6652479
3379;3381;6346;6652969
8005;99999;7218;7652038
8280;9512;7219;7652185
52012;52014;7220;7652332
52014;8005;7221;7652479
60859;60647;8431;9652038
60655;60660;8432;9652136
60626;60622;8433;9652528
16212;16431;1353;1653018
3659;3659;1354;1653067
16198;16198;1358;1653165
3664;16184;1360;1653263
3665;3664;1361;1653949
20243;20083;2108;2653018
20083;20118;2109;2653214
3823;3808;2110;2653508
6886;6886;4755;4653018
6824;6824;4757;4653067
6765;6765;4758;4653165
7603;7603;4762;4653214
7604;7604;4763;4653263
7602;7602;4764;4653312
7610;7610;4765;4653557
7605;7605;4766;4653655
7608;7608;4767;4653704
7801;7801;4769;4653753
7803;7803;4770;4653802
7802;7802;4771;4653851
7402;7411;4801;4653900
8655;54418;5126;5653018
8728;54395;5127;5653655
8917;8548;5128;5653900
3379;3381;6346;6653018
3380;3380;6347;6653655
3381;10201;6348;6653851
8006;8010;7222;7653018
8007;8006;7223;7653361
60626;60667;8433;9653018
60630;60629;8434;9653067
60636;60641;8435;9653263
60637;60640;8436;9653606
60641;60638;8437;9653949
3665;3664;1361;1654047
3667;3666;1362;1654292
3669;3672;1363;1654586
3823;20424;2110;2654047
4045;3847;2111;2654096
4088;4088;2112;2654586
7402;7494;4801;4654047
7403;7402;4802;4654096
7468;7418;4803;4654439
7414;7412;4804;4654586
7412;7416;4805;4654782
8917;54381;5128;5654047
8971;8655;5129;5654390
3381;10226;6348;6654047
3382;10232;6349;6654586
3384;3384;6350;6654929
8007;8172;7223;7654047
8011;52001;7224;7654292
8017;8023;7225;7654537
60641;60638;8437;9654047
60629;60628;8438;9654439
60651;60650;8439;9654929
3669;16106;1363;1655027
3670;3677;1364;1655125
3671;3749;1365;1655664
4088;99999;2112;2655027
4134;3823;2113;2655125
4256;3884;2114;2655615
7412;7491;4805;4655027
7408;7403;4806;4655076
7418;7404;4807;4655370
7438;7406;4808;4655615
7416;7438;4809;4655713
7401;7401;4810;4655958
8971;99999;5129;5655027
9036;8636;5130;5655174
9160;8971;5131;5655811
3384;3385;6350;6655027
3388;3388;6351;6655272
10226;3378;6352;6655615
8017;52095;7225;7655027
8020;8154;7226;7655076
8025;8017;7227;7655517
8092;8018;7228;7655860
60651;60653;8439;9655027
60652;60651;8440;9655223
60653;60627;8441;9655811
3671;16309;1365;1656007
3672;16410;1366;1656154
3673;3739;1367;1656644
4256;99999;2114;2656007
4098;4045;2115;2656154
3804;4139;2116;2656742
7409;7409;4811;4656007
7417;7417;4812;4656056
7419;7431;4814;4656203
7478;7419;4815;4656546
7439;7439;4816;4656644
7448;7448;4817;4656693
7437;7437;4818;4656742
7435;7435;4819;4656791
7434;7434;4820;4656889
7429;7429;4821;4656938
9160;8971;5131;5656007
9349;9160;5132;5656497
10226;10271;6352;6656007
10277;3379;6353;6656301
3370;3370;6354;6656889
8092;8019;7228;7656007
8095;8007;7229;7656448
60653;60652;8441;9656007
60634;60643;8442;9656252
60656;60654;8443;9656693
60660;60656;8444;9656987
3673;16169;1367;1657036
3674;3675;1368;1657134
3677;16312;1369;1657820
3804;20489;2116;2657036
20197;4297;2117;2657281
4297;20125;2118;2657771
7429;7467;4821;4657036
7461;7461;4822;4657134
7421;7421;4823;4657232
7428;7428;4825;4657379
7426;7426;4827;4657428
7427;7427;4828;4657624
7405;7405;4830;4657722
7422;7497;4833;4657771
9349;54769;5132;5657036
54083;9349;5133;5657134
54245;54008;5134;5657673
3370;10225;6354;6657036
3371;3371;6355;6657477
3415;3416;6356;6657722
8095;99999;7229;7657036
8096;8297;7230;7657232
8146;8025;7231;7657330
8172;8095;7232;7657869
60660;60657;8444;9657036
60668;60610;8445;9657428
60670;60669;8446;9657869
3677;99999;1369;1658016
3739;3750;1370;1658310
3750;16170;1371;1658800
4297;20363;2118;2658016
20175;20125;2119;2658359
20332;4229;2120;2658898
7422;99999;4833;4658016
7432;7432;4834;4658065
7433;7433;4835;4658261
7441;7441;4836;4658359
7440;7440;4837;4658408
7443;7443;4838;4658506
7482;7446;4841;4658555
7444;7444;4842;4658653
6822;6822;4868;4658751
7497;7422;4883;4658800
6012;99999;4419;4658996
54245;54256;5134;5658016
54613;8917;5135;5658359
54933;54899;5136;5658702
54569;54310;5137;5658898
3415;10291;6356;6658016
3417;3417;6357;6658065
3418;3418;6358;6658310
3491;3415;6359;6658359
8172;8095;7232;7658016
8297;8096;7233;7658408
9531;8020;7234;7658506
9537;8011;7235;7658947
60670;60672;8446;9658016
60674;60668;8447;9658359
60677;60602;8448;9658751
3750;16488;1371;1659045
16042;16010;1372;1659486
20332;4229;2120;2659045
20436;4229;2121;2659388
4273;4297;2122;2659976
7180;7147;4051;4659045
54569;99999;5137;5659045
8893;9212;5138;5659094
54276;8893;5139;5659388
8637;9075;5140;5659682
9537;8011;7235;7659045
52068;8245;7236;7659339
8101;8101;7237;7659682
60677;60606;8448;9659045
60684;60618;8449;9659241
60685;60603;8450;9659584
60688;60634;8451;9659976
16042;99999;1372;1660025
16044;3671;1373;1660074
16106;3667;1374;1660613
4273;4297;2122;2660025
4178;4210;2123;2660368
4136;4178;2124;2660809
8637;54282;5140;5660025
54282;8637;5141;5660270
54443;8949;5142;5660662
9314;54118;5143;5660809
8101;99999;7237;7660025
8045;8267;7238;7660074
8068;8068;7239;7660662
60688;60634;8451;9660025
60689;60617;8452;9660221
60693;60630;8453;9660711
16106;16382;1374;1661005
16130;16194;1375;1661103
16414;3670;1376;1661544
4136;20104;2124;2661005
4210;20104;2125;2661348
20042;4128;2126;2661985
9314;99999;5143;5661005
54118;8944;5144;5661054
54229;9314;5145;5661642
8068;99999;7239;7661005
8069;52002;7240;7661054
8107;8045;7241;7661201
8123;9502;7242;7661789
60693;60637;8453;9661005
60697;60658;8454;9661446
60704;60609;8455;9661936
16170;3665;1377;1662034
3749;16131;1378;1662622
20042;4247;2126;2662034
4107;3849;2127;2662622
54229;55074;5145;5662034
8868;9051;5146;5662132
9005;8722;5147;5662671
8123;9502;7242;7662034
8135;8123;7243;7662426
60704;60712;8455;9662034
60711;60632;8456;9662230
60716;60623;8457;9662573
60604;60612;8458;9662965
16137;3669;1379;1663014
3666;16258;1380;1663504
3676;3676;1381;1663896
4107;4054;2127;2663014
4033;4015;2128;2663063
4054;3902;2129;2663406
4056;4668;2130;2663896
9005;54445;5147;5663014
9051;9005;5148;5663259
8553;8723;5149;5663847
9502;8107;7244;7663014
52019;52019;7245;7663357
52064;8082;7246;7663406
60604;60612;8458;9663014
60647;60645;8459;9663308
60603;60601;8460;9663602
60806;60805;8461;9663847
3681;3660;1382;1664043
16020;16020;1383;1664288
16228;3682;1384;1664435
16419;16173;1386;1664876
4056;20245;2130;2664043
3849;3855;2131;2664337
4057;4089;2132;2664533
20079;3813;2133;2664974
8553;54699;5149;5664043
8554;8552;5150;5664337
8777;9328;5151;5664582
8144;99999;7247;7664043
52015;9542;7248;7664092
8164;8236;7249;7664190
8256;52018;7250;7664631
52018;8164;7251;7664876
60808;60801;8462;9664043
60809;60808;8463;9664337
60811;60807;8464;9664680
3685;3685;1390;1665023
3688;3687;1391;1665121
16082;3689;1392;1665366
3693;3691;1394;1665905
20079;4201;2133;2665023
4174;3915;2134;2665366
4089;3824;2135;2665856
8777;55102;5151;5665023
8955;8554;5152;5665170
9328;8553;5153;5665317
52018;8221;7251;7665023
8198;8138;7252;7665415
52070;8131;7253;7665611
8034;8281;7254;7665807
60818;60816;8465;9665023
60819;60815;8466;9665317
60821;60818;8467;9665660
3693;3692;1394;1666003
16579;16277;1397;1666346
3535;16208;1400;1666395
3721;3721;1401;1666444
3713;16100;1404;1666542
4089;3901;2135;2666003
4209;3840;2136;2666395
4226;4235;2137;2666885
9328;54382;5153;5666003
54293;54905;5154;5666052
54905;54293;5155;5666150
8556;8560;5156;5666248
8561;8556;5157;5666983
8034;8281;7254;7666003
8037;8120;7255;7666199
8040;8036;7256;7666346
8120;8110;7257;7666787
8143;8040;7258;7666885
60822;60821;8468;9666003
60823;60819;8469;9666395
60824;60822;8470;9666689
3713;99999;1404;1667032
16243;3713;1405;1667130
16241;16230;1406;1667571
4226;4235;2137;2667032
20173;4059;2138;2667473
4235;4174;2139;2667914
8561;8556;5157;5667032
8562;8814;5158;5667522
8563;8709;5159;5667914
8143;8043;7258;7667032
8170;8143;7259;7667277
8277;8034;7260;7667571
60826;60898;8471;9667032
60827;60820;8472;9667375
60829;60832;8473;9667669
3715;3714;1407;1668012
16074;3715;1408;1668355
3716;3716;1409;1668649
3683;3683;1410;1668747
3684;3742;1411;1668796
4235;20079;2139;2668012
4061;4234;2140;2668600
8563;9189;5159;5668012
8564;8798;5160;5668551
8668;8555;5161;5668943
8277;52029;7260;7668012
8281;8277;7261;7668159
52009;8137;7262;7668845
60834;60828;8474;9668012
60832;60831;8475;9668404
60845;60829;8476;9668649
60847;60837;8477;9668992
3742;3684;1412;1669041
3717;3718;1413;1669335
16156;3720;1414;1669433
3695;16015;1416;1669629
3696;3698;1417;1669825
4061;99999;2140;2669041
3927;3914;2141;2669237
3914;4046;2142;2669972
8668;8555;5161;5669041
8793;8561;5162;5669678
52009;8287;7262;7669041
52083;58054;7264;7669139
58028;52088;7265;7669188
8038;8239;7266;7669335
8239;8038;7267;7669580
58026;8195;7268;7669776
8129;8300;7269;7669874
8300;8129;7270;7669972
60847;60837;8477;9669041
60852;60851;8478;9669335
60850;60849;8479;9669629
60858;60860;8480;9669923
3696;3700;1417;1670021
3697;16272;1418;1670119
3699;3697;1419;1670364
3700;3699;1420;1670756
3914;20341;2142;2670021
3877;20030;2143;2670658
4172;3859;2144;2670854
8793;8861;5162;5670021
8794;8562;5163;5670217
8798;9272;5164;5670609
8300;8129;7270;7670021
8003;52003;7271;7670119
52056;52056;7272;7670168
8237;52033;7273;7670217
9545;8237;7274;7670315
52022;52015;7275;7670609
8053;8052;7276;7670658
60858;60860;8480;9670021
60860;60856;8481;9670266
60868;60863;8482;9670560
60865;60812;8483;9670805
3700;3701;1420;1671001
3705;3696;1421;1671197
3702;3702;1422;1671442
3703;3703;1423;1671540
3706;3706;1424;1671834
3707;3707;1425;1671932
4172;20437;2144;2671001
4046;3927;2145;2671344
20671;20604;2146;2671785
8798;54188;5164;5671001
8814;8558;5165;5671344
8843;9213;5166;5671883
8053;8233;7276;7671001
8054;8053;7277;7671736
60865;60812;8483;9671001
60867;60847;8484;9671246
60869;60894;8485;9671540
60870;60873;8486;9671932
3707;16017;1425;1672030
16096;16096;1426;1672128
3723;3520;1427;1672177
3724;3724;1428;1672275
16271;3722;1429;1672373
3725;3729;1432;1672618
20671;20647;2146;2672030
20092;20552;2147;2672569
4062;4061;2148;2672961
8843;54075;5166;5672030
9192;8843;5167;5672618
8054;8053;7277;7672030
8055;8054;7278;7672422
60870;60877;8486;9672030
60871;60814;8487;9672373
60814;60874;8488;9672912
3725;99999;1432;1673010
3727;16069;1433;1673059
3730;3731;1434;1673402
3731;16176;1435;1673892
4062;4061;2148;2673010
4063;3844;2149;2673598
9192;54290;5167;5673010
9254;8559;5168;5673255
9272;8564;5169;5673941
8055;9518;7278;7673010
8058;8060;7279;7673353
60814;60874;8488;9673010
60874;60881;8489;9673304
60875;60872;8490;9673696
3731;16176;1435;1674039
3733;3725;1436;1674186
3737;3726;1437;1674578
4064;3827;2150;2674039
3868;4064;2151;2674431
4065;3834;2152;2674921
9272;8564;5169;5674039
54475;9315;5170;5674627
8512;54077;5171;5674774
8058;8108;7279;7674039
8059;8270;7280;7674431
8060;8055;7281;7674970
60877;60865;8491;9674039
60878;60887;8492;9674480
60881;60885;8493;9674774
3737;16181;1437;1675019
16008;3727;1438;1675068
16176;3733;1439;1675509
4065;20213;2152;2675019
4095;3872;2153;2675313
4122;3822;2154;2675607
8512;54938;5171;5675019
8858;9308;5172;5675313
9308;54639;5173;5675705
8679;54372;5174;5675999
8060;8055;7281;7675019
8061;8063;7282;7675754
60881;60889;8493;9675019
60882;60870;8494;9675264
60890;60895;8495;9675656
16080;16080;1440;1676048
16552;16294;1441;1676097
16581;16249;1442;1676146
14041;14041;1501;1676195
14092;14092;1502;1676440
14443;14443;1503;1676685
3151;3151;1504;1676734
3153;3153;1505;1676930
4122;99999;2154;2676048
20066;4065;2155;2676097
4246;4152;2156;2676538
20051;3900;2157;2676979
8679;54372;5174;5676048
8699;8699;5175;5676538
8934;54495;5176;5676685
54453;54453;5177;5676881
8061;8190;7282;7676048
8064;52036;7283;7676391
8190;8062;7284;7676440
60890;60914;8495;9676048
60892;60813;8496;9676146
60903;60690;8497;9676489
60896;60902;8498;9676979
3156;3156;1507;1677028
3157;3157;1508;1677175
3158;3158;1509;1677224
14132;14132;1510;1677322
14211;14211;1511;1677371
3160;3160;1512;1677567
3161;14055;1513;1677714
14097;3161;1514;1677910
20051;4217;2157;2677028
3822;4162;2158;2677567
54453;99999;5177;5677028
54495;8934;5178;5677126
54594;8679;5179;5677371
8566;99999;5180;5677812
8762;8762;5181;5677861
8567;8837;5182;5677910
8190;52006;7284;7677028
8232;8176;7285;7677371
60896;60902;8498;9677028
60815;60823;8499;9677273
60906;60827;8500;9677518
60907;60888;8501;9677812
3166;3163;1515;1678008
3168;3170;1516;1678302
3170;3167;1517;1678792
20400;20210;2159;2678008
4066;3830;2160;2678400
4103;3891;2161;2678890
4125;4068;2162;2678988
8567;8837;5182;5678008
8568;8572;5183;5678547
8232;52099;7285;7678008
8233;99999;7286;7678057
8253;8051;7287;7678400
60907;60888;8501;9678008
60888;60871;8502;9678106
60898;60824;8503;9678547
60904;60809;8504;9678841
3170;14111;1517;1679037
3171;3168;1518;1679282
3173;3175;1519;1679723
4125;4068;2162;2679037
4068;4066;2163;2679429
20309;3912;2164;2679821
8568;9099;5183;5679037
8570;8908;5184;5679380
8253;8268;7287;7679037
8268;8105;7288;7679331
60904;60810;8504;9679037
60884;60882;8505;9679086
60812;60916;8506;9679674
3173;3470;1519;1680017
3174;3179;1520;1680115
3175;3177;1521;1680409
14286;3172;1522;1680850
20309;20135;2164;2680017
4195;4067;2165;2680115
20331;4195;2166;2680409
4216;4255;2167;2680899
8570;54558;5184;5680017
8571;54191;5185;5680066
8572;8847;5186;5680458
8268;52080;7288;7680017
52036;8064;7289;7680115
58047;8294;7291;7680213
52032;52092;7292;7680262
8070;8070;7293;7680311
8072;8072;7294;7680458
8122;8122;7295;7680605
8214;8214;7296;7680703
50093;50269;7035;7680801
52083;58054;7264;7680850
52022;99999;7275;7680899
60812;60916;8506;9680017
61007;61001;8507;9680066
61010;61002;8508;9680360
61014;61017;8509;9680556
61015;61011;8510;9680948
14286;3172;1522;1681046
3178;3166;1523;1681340
14079;3162;1524;1681830
4216;4255;2167;2681046
4111;4073;2168;2681536
4255;4206;2169;2681879
8572;54781;5186;5681046
8631;8567;5187;5681193
8665;8671;5188;5681781
61015;61013;8510;9681046
61016;61014;8511;9681193
61017;61012;8512;9681536
61026;61007;8513;9681830
14079;3162;1524;1682026
3470;3169;1525;1682320
3471;3173;1526;1682761
4255;4206;2169;2682026
4069;4070;2170;2682369
4084;3889;2171;2682712
8665;8874;5188;5682026
8671;8706;5189;5682614
61026;61016;8513;9682026
61027;61032;8514;9682173
61033;61020;8515;9682418
61038;61036;8516;9682712
3471;3173;1526;1683006
3480;3164;1527;1683300
3481;3181;1528;1683692
4084;4216;2171;2683006
20349;4071;2172;2683251
4124;4142;2173;2683692
8671;54297;5189;5683006
8698;8570;5190;5683300
61038;99998;8516;9683006
61039;61015;8517;9683055
61058;61046;8518;9683447
61044;61041;8519;9683839
3481;14203;1528;1684035
3488;14030;1529;1684182
14001;3182;1530;1684427
14004;3480;1531;1684770
4124;20573;2173;2684035
20131;4111;2174;2684182
4206;4069;2175;2684819
8698;9172;5190;5684035
8837;8569;5191;5684133
8874;8665;5192;5684623
61044;61058;8519;9684035
61003;61081;8520;9684182
61046;61043;8521;9684280
61051;61055;8522;9684672
14004;3480;1531;1685015
14009;3178;1532;1685162
14053;3174;1533;1685750
4206;20089;2175;2685015
4126;4173;2176;2685407
4071;20018;2177;2685799
8874;8848;5192;5685015
8978;8568;5193;5685456
61051;61056;8522;9685015
61055;61053;8523;9685064
61061;61044;8524;9685309
61068;61060;8525;9685603
61071;61054;8526;9685995
14053;14722;1533;1686044
3196;3195;1534;1686093
3197;3197;1535;1686534
3199;14028;1536;1686681
4071;20176;2177;2686044
20185;4129;2178;2686436
8978;54232;5193;5686044
9004;8914;5194;5686289
9074;54350;5195;5686926
61071;61054;8526;9686044
61073;61052;8527;9686436
61086;61068;8528;9686730
61078;61050;8529;9686975
3199;99999;1536;1687024
14028;3198;1537;1687073
3200;3200;1538;1687514
3202;3202;1539;1687563
3203;3203;1540;1687612
14034;14034;1541;1687710
14365;14365;1542;1687759
3210;3210;1543;1687808
4011;4163;2179;2687024
4083;3820;2180;2687612
9074;54350;5195;5687024
9099;8571;5196;5687514
61078;61050;8529;9687024
61069;61062;8530;9687367
61277;61274;8531;9687710
3210;14484;1543;1688004
3212;3212;1544;1688102
14402;3213;1545;1688151
3214;3217;1546;1688347
3215;3214;1547;1688690
14156;3215;1548;1688935
4083;20487;2180;2688004
4163;3858;2181;2688200
4280;4175;2182;2688641
9099;54387;5196;5688004
9172;9271;5197;5688445
61277;61274;8531;9688004
61205;61201;8532;9688053
61269;61226;8533;9688200
61209;61260;8534;9688396
61211;61209;8535;9688837
14156;14314;1548;1689033
3218;3218;1549;1689082
14142;14142;1550;1689180
3220;3220;1551;1689229
3221;3219;1552;1689523
14071;14071;1553;1689768
4280;20184;2182;2689033
4074;4185;2183;2689180
20094;4083;2184;2689474
20081;20081;2185;2689915
9172;54352;5197;5689033
9235;8966;5198;5689327
61211;61209;8535;9689033
61201;61210;8536;9689327
61216;61214;8537;9689670
61215;61213;8538;9689866
14071;14424;1553;1690013
14120;14120;1554;1690062
14277;99999;1555;1690209
14243;14243;1556;1690258
3238;3241;1557;1690307
3241;3238;1558;1690503
3242;3242;1559;1690748
3245;3245;1560;1690846
14225;14196;1561;1690944
20081;20109;2185;2690013
20103;20179;2186;2690209
25162;25038;2201;2690356
4503;4501;2202;2690797
9363;8698;5199;5690013
54171;54729;5200;5690699
55117;54171;5201;5690895
61215;61213;8538;9690013
61217;61218;8539;9690307
61218;61215;8540;9690552
61221;61268;8541;9690797
14225;14225;1561;1691042
3246;3256;1563;1691140
3249;3246;1564;1691630
4503;4592;2202;2691042
4501;4502;2203;2691434
55117;54914;5201;5691042
8549;54493;5202;5691140
54493;8549;5203;5691287
8946;9210;5204;5691434
9210;8958;5205;5691777
61221;61289;8541;9691042
61222;61217;8542;9691238
61224;61202;8543;9691630
3249;14322;1564;1692022
3251;3248;1565;1692267
3252;3267;1566;1692757
4501;25427;2203;2692022
4504;4590;2204;2692071
25016;4650;2205;2692414
9210;54540;5205;5692022
54540;8946;5206;5692267
8574;8687;5207;5692806
61263;61205;8544;9692022
61234;61232;8545;9692365
61236;61270;8546;9692610
61237;61234;8547;9692904
3252;3267;1566;1693002
3260;3247;1567;1693296
3262;3251;1568;1693835
4592;4679;2206;2693002
25038;25010;2207;2693492
4656;4503;2208;2693835
8574;9199;5207;5693002
8596;8574;5208;5693198
8669;8596;5209;5693737
61237;61234;8547;9693002
61240;61236;8548;9693296
61242;61239;8549;9693590
61251;61250;8550;9693884
3262;3263;1568;1694031
3269;14088;1569;1694276
14074;3254;1570;1694717
4656;4503;2208;2694031
4508;4508;2209;2694472
8669;8939;5209;5694031
8687;8901;5210;5694227
8768;8575;5211;5694619
61251;61264;8550;9694031
61244;61244;8551;9694276
61229;61243;8552;9694325
61249;61240;8553;9694668
14074;3262;1570;1695011
3264;14059;1571;1695256
14326;14263;1572;1695746
3250;3250;1573;1695844
4508;25572;2209;2695011
25037;4509;2210;2695060
25321;25321;2211;2695354
4516;4584;2212;2695403
4517;3836;2213;2695893
8768;99999;5211;5695011
8853;8766;5212;5695256
8901;9249;5213;5695697
61249;61255;8553;9695011
61273;61261;8554;9695207
61257;61262;8555;9695648
61260;61203;8556;9695991
3250;14326;1573;1696040
3255;3255;1574;1696089
3265;3265;1575;1696383
14076;14076;1576;1696432
14170;14170;1577;1696481
3270;3270;1578;1696628
3271;3477;1579;1696775
4517;4517;2213;2696040
4584;4514;2214;2696334
4585;4516;2215;2696922
8901;54521;5213;5696040
8909;54251;5214;5696236
8918;8853;5215;5696628
8939;55144;5216;5696971
61260;61203;8556;9696040
61231;61258;8557;9696138
61268;61216;8558;9696432
61270;61229;8559;9696677
61272;61237;8560;9696824
61274;61271;8561;9696971
3271;14317;1579;1697020
3477;3271;1580;1697069
3274;3274;1581;1697412
3277;14308;1582;1697706
3278;3278;1583;1697755
14067;14067;1584;1697804
14284;14284;1585;1697902
3280;3284;1586;1697951
4585;25012;2215;2697020
4618;4613;2216;2697412
4513;4780;2217;2697706
8939;9171;5216;5697020
54251;9029;5217;5697559
61274;61271;8561;9697020
61284;61287;8562;9697314
61208;61211;8563;9697461
3280;3284;1586;1698000
3284;3303;1587;1698490
3285;3280;1588;1698882
4513;25247;2217;2698000
4703;4703;2218;2698196
4603;4513;2219;2698539
54529;54252;5218;5698000
8993;9347;5219;5698441
9347;8680;5220;5698980
61202;61208;8564;9698000
61282;61246;8565;9698147
61243;61251;8566;9698490
61264;61257;8567;9698686
3285;3280;1588;1699029
3288;14188;1589;1699274
3289;3288;1590;1699617
3290;3287;1591;1699960
4603;25781;2219;2699029
4520;4709;2220;2699078
4709;4518;2221;2699323
25121;25121;2222;2699764
25116;25116;2223;2699960
9347;8680;5220;5699029
54536;8993;5221;5699813
61264;61275;8567;9699029
61255;61241;8568;9699078
61285;61256;8569;9699323
null;99998;8570;9699617
61452;61444;8571;9699715
3310;14192;1615;1710045
3314;3304;1616;1710094
3315;14011;1617;1710486
3316;3315;1618;1710829
3318;3306;1619;1710976
4531;4771;2253;2710045
4529;4528;2254;2710241
4763;4623;2255;2710437
4533;4534;2256;2710976
9145;9145;5257;5710045
54631;54980;5258;5710290
8622;8744;5259;5710388
8654;8697;5260;5710633
8697;8654;5261;5710829
61816;61950;8598;9710045
61819;61816;8599;9710241
61830;61881;8600;9710584
3318;3306;1619;1711025
3484;14300;1620;1711417
14016;14151;1621;1711564
4533;4534;2256;2711025
4535;4716;2257;2711466
8697;99999;5261;5711025
8741;8622;5262;5711074
8744;8741;5263;5711613
61830;61901;8600;9711025
61834;61809;8601;9711074
61930;61906;8602;9711368
61876;61830;8603;9711858
14016;14377;1621;1712005
14159;14081;1622;1712152
3320;3320;1623;1712348
3322;3322;1624;1712397
3323;3323;1625;1712544
14126;14687;1626;1712642
3324;3327;1627;1712691
3330;3324;1628;1712985
4535;25471;2257;2712005
4536;4532;2258;2712054
4578;4536;2259;2712691
9170;54545;5264;5712054
8700;8767;5265;5712299
54601;8700;5266;5712593
8624;9356;5267;5712740
61876;61880;8603;9712005
61901;61934;8604;9712250
61827;61877;8605;9712544
61882;61821;8606;9712887
3330;3324;1628;1713034
3327;3325;1629;1713230
3329;3328;1630;1713377
14075;14075;1631;1713475
3194;14029;1632;1713524
14029;3194;1633;1713965
4578;25383;2259;2713034
4537;4533;2260;2713230
4716;4770;2261;2713671
8624;54589;5267;5713034
8625;9252;5268;5713524
61882;61894;8606;9713034
61883;61834;8607;9713181
61920;61910;8608;9713475
61895;61827;8609;9713671
14029;14047;1633;1714014
3331;14146;1634;1714357
14311;3331;1635;1714553
3333;3333;1637;1714798
3478;3478;1638;1714847
3334;14010;1639;1714896
4716;25506;2261;2714014
4753;4538;2262;2714259
4719;4529;2263;2714700
8625;54029;5268;5714014
8627;54414;5269;5714210
8628;8784;5270;5714798
61895;61893;8609;9714014
61893;61888;8610;9714063
61894;61918;8611;9714455
61896;61930;8612;9714798
3334;99999;1639;1715043
14069;14189;1640;1715092
3335;3335;1641;1715239
3336;14103;1642;1715435
3337;3337;1643;1715582
14098;14098;1644;1715680
3354;3354;1645;1715974
4719;4537;2263;2715043
25099;4755;2264;2715141
4724;4616;2265;2715533
4532;4535;2266;2715925
8628;8784;5270;5715043
8629;8968;5271;5715386
61896;62056;8612;9715043
61899;61896;8613;9715484
3354;3355;1645;1716023
14089;14089;1646;1716170
3350;3350;1647;1716219
3352;3352;1648;1716807
3359;3359;1650;1716905
4532;4724;2266;2716023
4765;4765;2267;2716366
25073;4606;2268;2716464
4678;4539;2269;2716954
8629;54370;5271;5716023
8630;8932;5272;5716317
61899;61954;8613;9716023
61904;61931;8614;9716121
61909;61898;8615;9716562
14228;3361;1652;1717003
3362;3362;1653;1717150
3363;3363;1654;1717297
3351;3351;1655;1717591
3364;3365;1656;1717640
3365;3364;1657;1717885
4678;4759;2269;2717003
4606;4678;2270;2717444
4612;4612;2271;2717885
25506;4662;2272;2717934
8630;54157;5272;5717003
8784;8624;5273;5717150
8785;54537;5274;5717885
61909;61907;8615;9717003
61903;61905;8616;9717199
61878;61831;8617;9717689
3365;3479;1657;1718032
3368;3368;1658;1718277
3369;3369;1659;1718326
14444;14444;1660;1718375
3394;3394;1661;1718424
14288;14288;1662;1718522
14359;14359;1663;1718620
3185;3185;1664;1718669
25506;25019;2272;2718032
25043;4762;2273;2718473
4701;4550;2274;2718865
8785;54894;5274;5718032
8873;8628;5275;5718375
61878;61937;8617;9718032
61919;61886;8618;9718326
61921;61878;8619;9718816
3185;14316;1664;1719012
3377;3377;1665;1719110
3395;14149;1666;1719355
3396;3395;1667;1719649
14149;3396;1668;1719943
4701;25064;2274;2719012
4550;4641;2275;2719257
4698;4712;2276;2719600
8873;54826;5275;5719012
8906;9305;5276;5719061
8932;9109;5277;5719747
61921;61879;8619;9719012
62051;61947;8620;9719208
null;61882;8621;9719453
61929;61909;8622;9719796
14149;3396;1668;1720041
14154;3397;1669;1720286
14119;14119;1670;1720580
3399;3398;1671;1720629
3400;3399;1672;1720972
4698;4714;2276;2720041
4714;4626;2277;2720237
4540;4624;2278;2720629
8932;9109;5277;5720041
8968;54126;5278;5720384
61929;61909;8622;9720041
61947;62053;8623;9720482
3400;3399;1672;1721021
3401;3401;1673;1721609
3407;3405;1674;1721658
4540;25790;2278;2721021
4541;4706;2279;2721168
4543;4549;2280;2721707
8968;54810;5278;5721021
9252;8906;5279;5721070
61906;61902;8624;9721021
61949;61829;8625;9721805
3407;99999;1674;1722001
3413;3406;1675;1722050
3406;3407;1676;1722491
3410;3410;1677;1722883
4543;99999;2280;2722001
4544;4547;2281;2722099
4545;4544;2282;2722687
9267;54006;5280;5722001
9305;9164;5281;5722540
61949;61876;8625;9722001
61952;61908;8626;9722197
61957;61913;8627;9722540
61954;61904;8628;9722981
3410;14374;1677;1723030
3411;3411;1678;1723079
3420;3404;1680;1723324
3487;3420;1681;1723667
14063;3487;1682;1723912
4545;4544;2282;2723030
4583;4542;2283;2723177
25106;25138;2284;2723716
9305;9300;5281;5723030
9352;54088;5282;5723324
54022;8625;5283;5723863
61954;61904;8628;9723030
61973;61963;8629;9723373
61450;61447;8630;9723520
61403;61407;8631;9723716
14063;3487;1682;1724010
3421;3421;1683;1724206
14440;3422;1684;1724304
14532;14532;1685;1724451
3423;3423;1686;1724500
3424;3424;1687;1724696
14287;14343;1688;1724892
3429;3429;1689;1724941
25106;25217;2284;2724010
4547;4688;2285;2724255
4551;4548;2286;2724696
54022;8625;5283;5724010
54033;8629;5284;5724451
61403;61428;8631;9724010
61405;61414;8632;9724108
61407;61413;8633;9724353
61408;61401;8634;9724696
61413;61403;8635;9724941
3430;3430;1690;1725039
14127;14127;1691;1725333
3425;3425;1692;1725382
3427;3427;1693;1725578
3428;3428;1694;1725774
3433;3433;1695;1725921
4551;25233;2286;2725039
4743;4551;2287;2725186
4546;4601;2288;2725431
4611;4541;2289;2725872
54033;54554;5284;5725039
54070;9001;5285;5725137
54126;54041;5286;5725578
61413;61411;8635;9725039
61417;61420;8636;9725431
61422;61417;8637;9725627
61428;61426;8638;9725970
3433;14114;1695;1726019
14129;14129;1696;1726166
3426;3426;1698;1726264
3446;3446;1699;1726313
14096;14006;1700;1726460
14406;14122;1701;1726656
14024;14024;1702;1726803
3447;3447;1703;1726852
4611;4541;2289;2726019
4785;4545;2290;2726460
4697;4540;2291;2726901
54126;54055;5286;5726019
54135;9267;5287;5726166
54165;8627;5288;5726754
61428;61429;8638;9726019
61481;61408;8639;9726313
61435;61479;8640;9726509
61438;61434;8641;9726999
3447;14025;1703;1727048
3450;3450;1705;1727342
3434;3434;1706;1727440
3435;3435;1707;1727685
3437;3437;1708;1727783
4697;25203;2291;2727048
4706;4673;2292;2727097
4712;4546;2293;2727342
25409;4720;2294;2727832
54165;54099;5288;5727048
54383;8630;5289;5727342
54475;99999;5170;5727832
8768;99999;5211;5727881
61438;61434;8641;9727048
61439;61435;8642;9727391
61442;61433;8643;9727783
3437;3439;1708;1728028
3441;3440;1709;1728077
3444;3436;1710;1728273
14354;14354;1711;1728763
3451;3451;1712;1728812
3454;3452;1714;1728959
25409;4796;2294;2728028
4676;4543;2295;2728322
4525;4525;2296;2728763
61442;61445;8643;9728028
61444;61436;8644;9728175
61479;61477;8645;9728567
61462;61452;8646;9728910
3454;3452;1714;1729008
3455;3453;1715;1729449
3456;3455;1716;1729841
4525;4795;2296;2729008
4675;4675;2297;2729155
25376;25067;2298;2729449
25077;4696;2299;2729645
61462;61455;8646;9729008
61458;61439;8647;9729351
61469;61432;8648;9729596
61602;61609;8649;9729841
3456;14039;1716;1730037
3457;3457;1717;1730380
3458;3458;1718;1730527
3459;3459;1719;1730625
14247;14437;1720;1730723
14274;14274;1721;1730772
3460;3460;1722;1730870
14102;3469;1723;1730968
25077;25502;2299;2730037
4777;4777;2300;2730086
25210;4553;2301;2730478
61602;61672;8649;9730037
61604;61467;8650;9730233
61605;61602;8651;9730576
61635;61604;8652;9730821
14102;14102;1723;1731017
14124;14124;1724;1731213
14533;14533;1725;1731409
3575;16373;1270;1731458
3632;99999;1312;1731507
25210;99999;2301;2731017
4553;4552;2302;2731066
25103;25015;2303;2731654
61635;61610;8652;9731017
61610;61631;8653;9731066
61631;61612;8654;9731213
61685;61624;8655;9731507
61683;61654;8656;9731850
25001;4708;2304;2732046
4554;4556;2305;2732683
61683;61668;8656;9732046
61640;61643;8657;9732242
61648;61652;8658;9732438
61652;61647;8659;9732781
4554;25332;2305;2733026
4721;4555;2306;2733369
4668;4816;2307;2733908
61652;61662;8659;9733026
61643;61641;8660;9733271
61662;61659;8661;9733565
4668;4816;2307;2734006
4727;4627;2308;2734055
25024;4646;2310;2734300
4610;4610;2311;2734594
61662;61661;8661;9734006
61665;61676;8662;9734202
61666;61627;8663;9734545
61671;61603;8664;9734790
4610;25316;2311;2735035
25148;4569;2312;2735231
25465;4621;2313;2735672
61671;61670;8664;9735035
61673;61648;8665;9735084
61674;61639;8666;9735280
61676;61640;8667;9735721
25465;25586;2313;2736015
4625;4625;2314;2736162
4565;4577;2315;2736505
4577;4562;2316;2736946
61676;61655;8667;9736015
61678;61649;8668;9736260
61679;61601;8669;9736701
4577;4589;2316;2737044
4604;4565;2317;2737338
4605;25002;2318;2737828
61681;61606;8670;9737044
62103;62105;8671;9737387
62104;62129;8672;9737730
4605;25491;2318;2738024
4566;25011;2319;2738122
4589;4566;2320;2738759
62104;62136;8672;9738024
62106;62103;8673;9738073
62107;62106;8674;9738416
62113;62115;8676;9738759
4589;4566;2320;2739004
4670;25059;2321;2739298
25047;25031;2322;2739592
25262;4764;2323;2739788
62113;62133;8676;9739004
62115;62102;8677;9739102
62119;62120;8678;9739445
62126;62117;8679;9739739
4564;4692;2324;2740033
25048;4568;2325;2740523
4642;4781;2326;2740964
62126;62131;8679;9740033
62136;62107;8680;9740082
62125;62128;8681;9740278
62211;60429;8682;9740474
62207;62203;8683;9740817
4642;4781;2326;2741013
4619;4594;2327;2741454
4588;4571;2328;2741601
62207;62218;8683;9741013
62231;62211;8684;9741111
62213;62204;8685;9741454
62214;62209;8686;9741748
62246;62226;8687;9741993
25440;4570;2329;2742042
4669;25068;2330;2742336
4687;4669;2331;2742630
62246;62239;8687;9742042
62228;62221;8688;9742287
62233;62202;8689;9742483
62235;62214;8690;9742728
4687;99999;2331;2743022
4582;4723;2332;2743071
4723;4582;2333;2743610
4768;3812;2334;2743953
62235;99998;8690;9743022
62239;62227;8691;9743071
62251;62250;8692;9743365
62255;62237;8693;9743708
62256;62240;8694;9743953
4768;4145;2334;2744002
4574;25158;2335;2744198
4742;4510;2336;2744688
62256;62240;8694;9744002
62258;62254;8695;9744247
62282;62253;8696;9744639
4742;99999;2336;2745031
4651;4742;2337;2745276
4579;4579;2338;2745570
4684;4573;2339;2745962
62282;62287;8696;9745031
62265;62256;8697;9745129
62271;62258;8698;9745325
62272;62251;8699;9745619
62275;60413;8700;9745962
4684;4758;2339;2746011
4573;4794;2340;2746256
4794;25606;2341;2746844
25399;25179;2342;2746991
62275;60413;8700;9746011
62281;62255;8701;9746207
62271;99998;8698;9746403
25399;25343;2342;2747040
25105;4507;2343;2747187
25484;4756;2344;2747579
4301;4301;2401;2747775
4363;4363;2402;2747873
4371;4371;2403;2747971
4371;23017;2403;2748020
4302;4302;2404;2748069
4341;4341;2406;2748118
4354;4354;2407;2748265
4304;4304;2408;2748314
4305;4305;2409;2748510
4306;4306;2410;2748559
4352;4329;2411;2748657
4352;23113;2411;2749000
23075;23075;2412;2749098
4345;4345;2413;2749196
23104;23104;2414;2749294
4310;4309;2415;2749343
23080;23080;2416;2749588
4307;4307;2417;2749637
4373;4349;2419;2750029
4351;23010;2420;2750274
23060;4351;2421;2750421
4353;4353;2422;2750470
4308;4308;2423;2750666
4308;23029;2423;2751009
4390;4390;2424;2751058
23023;23060;2425;2751156
4315;4314;2426;2751205
23005;23005;2427;2751499
23031;4366;2429;2751548
23013;23013;2431;2751793
23070;4312;2434;2751842
23070;23039;2434;2752038
4348;4330;2435;2752185
4318;4381;2436;2752430
4319;4318;2437;2752969
4319;4318;2437;2753018
4322;4322;2439;2753410
4342;4342;2440;2753459
4350;4319;2441;2753508
4374;4374;2442;2753753
4365;4365;2443;2753851
23002;23002;2444;2753900
23117;23117;2445;2753949
4344;4393;2447;2753998
4344;23018;2447;2754047
23028;23028;2448;2754243
23074;4344;2449;2754292
23059;4316;2450;2754586
23059;23019;2450;2755027
4336;4336;2451;2755076
4358;4339;2452;2755174
23007;4360;2453;2755370
4321;4334;2454;2755468
4324;4359;2455;2755517
23020;23003;2456;2755958
23020;23020;2456;2756007
23008;23008;2457;2756056
4328;4328;2458;2756203
4392;4324;2459;2756301
4326;4326;2460;2756644
4364;4364;2461;2756742
4325;4325;2462;2756791
23066;4331;2463;2756889
23066;4331;2463;2757036
4337;4395;2464;2757232
4377;4377;2465;2757477
23043;23043;2466;2757526
4439;4439;2501;2757624
24027;24027;2503;2757722
4466;4466;2504;2757771
4447;4447;2506;2757820
24018;24018;2508;2757869
4401;4401;2509;2757918
4401;4440;2509;2758016
4403;4405;2510;2758261
4404;4458;2511;2758800
4405;4404;2512;2759045
4406;4406;2513;2759437
4410;4407;2514;2759633
4444;4403;2515;2760025
4465;4412;2516;2760466
4463;4456;2517;2761005
4417;4417;2518;2761593
4414;4414;2520;2761936
4414;4452;2520;2762034
24020;24020;2521;2762377
4433;4433;2522;2762426
4425;4425;2524;2762524
4416;4416;2527;2762867
4435;4435;2529;2762965
24011;24011;2530;2763014
4467;4419;2531;2763063
4420;24039;2532;2763406
4443;4443;2533;2763455
4421;4421;2534;2763504
4423;4423;2536;2764043
4821;4822;2601;2764141
4822;4823;2602;2764533
4824;4801;2603;2765023
4826;4833;2604;2765464
4826;4885;2604;2766003
4893;4826;2605;2766101
4833;4837;2606;2766640
4833;4888;2606;2767032
4830;4838;2607;2767277
4838;4840;2608;2767816
4838;4842;2608;2768012
4837;4834;2609;2768306
4842;4830;2610;2768845
4842;4830;2610;2769041
4851;4875;2611;2769335
4854;4851;2612;2769874
4854;4851;2612;2770021
4853;4909;2613;2770413
4939;4803;2614;2770903
4939;4803;2614;2771001
4857;4845;2615;2771246
4860;4813;2616;2771736
4860;99999;2616;2772030
4862;4860;2617;2772128
4892;4822;2618;2772618
4892;4941;2618;2773010
4864;4844;2619;2773059
4869;4865;2620;2773451
4872;4802;2621;2773941
4872;4802;2621;2774039
4871;4879;2622;2774480
4876;4865;2623;2775019
4907;4808;2624;2775509
4877;4821;2625;2776048
4899;4864;2626;2776440
4886;4817;2627;2776979
4886;4817;2627;2777028
4879;4820;2628;2777518
4888;4812;2629;2778008
4891;4554;2630;2778498
4942;4869;2631;2778890
4942;4869;2631;2779037
4843;4792;2632;2779527
4902;4892;2633;2780017
4909;4886;2634;2780605
4909;4886;2634;2781046
4923;4828;2635;2781144
4954;4850;2636;2781781
4954;99999;2636;2782026
4913;4942;2637;2782222
4859;4843;2638;2782810
4859;4843;2638;2783006
4917;4852;2639;2783349
4828;4863;2640;2783888
4828;4902;2640;2784035
4606;99999;2270;2784427
4529;99999;2254;2784476
4094;99999;2072;2784525
4062;4061;2148;2784574
4939;4916;2614;2784623
7227;42398;9041;4810045
7598;42103;9042;4810143
7367;6645;9043;4810339
7266;7259;9044;4810731
9081;57327;5527;5810045
8529;8940;5528;5810094
8964;8756;5529;5810633
7266;7367;9044;4811025
7292;6565;9045;4811515
8964;57183;5529;5811025
57146;57221;5530;5811074
57209;8820;5531;5811172
8524;8963;5532;5811466
7292;99999;9045;4812005
7596;6560;9046;4812054
6565;6518;9047;4812691
6518;6695;9048;4812887
8524;57220;5532;5812005
8532;8532;5533;5812054
8905;8594;5534;5812103
8594;8595;5535;5812397
8644;8882;5536;5812544
8882;8644;5537;5812936
6518;7292;9048;4813034
6604;6604;9049;4813279
7296;7397;9050;4813328
7397;7296;9051;4813377
7241;7241;9052;4813426
7254;7254;9053;4813524
6583;7285;9054;4813573
6501;6655;9056;4813720
6655;6501;9057;4813916
8882;57058;5537;5813034
57134;9101;5538;5813377
8772;57089;5539;5813867
6655;6546;9057;4814014
6597;6676;9058;4814112
6690;6690;9059;4814259
42152;6581;9060;4814504
42217;7308;9061;4814651
6525;6672;9062;4814896
8772;57089;5539;5814063
57089;8531;5540;5814455
8531;8772;5541;5814896
6525;42022;9062;4815043
42022;6525;9063;4815092
6691;6629;9064;4815484
6558;6558;9065;4815729
6581;7349;9066;4815925
8531;8865;5541;5815043
8612;8551;5542;5815190
8948;8612;5543;5815778
6629;6691;9067;4816023
6660;6643;9068;4816268
7305;6653;9069;4816562
6653;42278;9070;4816905
8948;57191;5543;5816023
8551;8659;5544;5816121
8659;8876;5545;5816660
6653;42363;9070;4817003
6684;6677;9071;4817199
7369;6571;9072;4817297
7517;7385;9073;4817738
42316;6684;9074;4817787
6676;6597;9075;4817934
8876;9310;5546;5817003
9310;57052;5547;5817542
6676;6597;9075;4818032
6650;7337;9076;4818277
6554;6650;9077;4818424
7307;6554;9078;4818522
6571;7305;9079;4818669
8711;8752;5548;5818032
57027;9143;5549;5818375
8614;8615;5550;5818865
6571;42248;9079;4819012
6532;6543;9080;4819061
6618;6529;9081;4819306
7236;6592;9082;4819600
8614;57051;5550;5819012
9296;8613;5551;5819257
8565;8614;5552;5819600
9174;57027;5553;5819992
7236;6618;9082;4820041
6530;6582;9083;4820090
7575;7575;9084;4820335
7276;42631;9085;4820433
42008;7302;9086;4820482
6569;6533;9087;4820580
6533;6569;9088;4820727
7267;42282;9089;4820923
9174;57027;5553;5820041
9103;8565;5554;5820384
8605;8605;5555;5820874
7267;42282;9089;4821021
42119;7300;9090;4821119
42282;7229;9091;4821168
42145;6527;9092;4821462
6543;6531;9093;4821854
8605;8701;5555;5821021
8600;8600;5556;5821266
8601;8653;5557;5821462
8638;8601;5558;5821952
6543;42222;9093;4822001
6527;6528;9094;4822050
6528;6589;9095;4822638
8638;8601;5558;5822001
9083;8638;5559;5822491
6528;42400;9095;4823030
6529;6654;9096;4823079
6589;7572;9097;4823324
42222;6532;9098;4823667
42312;6539;9099;4823863
9083;99999;5559;5823030
57004;8731;5560;5823128
8602;8673;5561;5823716
42312;6539;9099;4824010
7335;6613;9100;4824108
6628;6570;9101;4824255
6570;6628;9102;4824598
6544;6623;9103;4824843
6574;6574;9104;4824990
8602;57013;5561;5824010
8995;57038;5562;5824304
57030;8995;5563;5824745
7204;6657;9105;4825039
6657;7204;9106;4825235
42006;6541;9107;4825333
7247;7514;9108;4825774
6550;7247;9109;4825921
57030;57081;5563;5825039
8887;8900;5564;5825333
57081;57047;5565;5825872
6550;42068;9109;4826019
7514;6550;9110;4826460
6539;6674;9111;4826754
57081;57219;5565;5826019
8535;8535;5566;5826117
8832;9128;5567;5826313
9194;8832;5568;5826999
6539;42006;9111;4827048
6553;6694;9112;4827342
6541;42158;9113;4827734
9194;8832;5568;5827048
8835;8835;5569;5827489
57102;57102;5570;5827685
57054;57054;5571;5827734
8607;9276;5572;5827979
6541;99999;9113;4828028
6613;7335;9114;4828077
6522;6552;9116;4828175
6584;7538;9118;4828371
6580;6580;9119;4828420
7538;6584;9120;4828518
7357;6521;9122;4828714
6538;7357;9123;4828959
8607;9276;5572;5828028
9079;8607;5573;5828420
57031;8915;5574;5828910
6538;7357;9123;4829008
6552;6522;9124;4829155
7515;6547;9125;4829253
6559;7373;9126;4829449
6523;6622;9127;4829645
6622;6523;9128;4829743
7290;7501;9129;4829841
6596;6599;9130;4829890
6599;6596;9131;4829939
6573;6664;9132;4829988
57031;8915;5574;5829008
9250;9250;5576;5829351
8796;8796;5577;5829400
57130;57233;5578;5829547
8746;8746;5580;5829596
8791;8604;5581;5829792
6573;42191;9132;4830037
6664;6573;9133;4830135
6542;6542;9134;4830233
6623;6544;9135;4830282
6576;6576;9137;4830576
7326;6617;9139;4830625
6638;6638;9140;4830723
6641;7281;9141;4830821
42296;6700;9143;4830870
8791;9291;5581;5830037
57109;54089;5582;5830429
8720;8791;5583;5830870
42296;7590;9143;4831017
7240;7594;9144;4831164
7232;7272;9146;4831213
6520;6697;9147;4831262
6697;6520;9149;4831458
6524;6567;9150;4831801
8720;8791;5583;5831017
9298;8720;5584;5831262
9011;8661;5585;5831801
6567;6524;9151;4832046
7272;7232;9153;4832291
6563;6563;9154;4832487
6648;6648;9155;4832536
6696;6696;9157;4832634
7238;7386;9158;4832683
7334;6588;9160;4832879
9011;57043;5585;5832046
8890;8985;5586;5832340
8661;8603;5587;5832781
6656;6566;9161;4833026
7265;7265;9162;4833271
6602;42134;9163;4833418
6503;6537;9164;4833467
6537;6504;9165;4833761
8661;9039;5587;5833026
9072;9091;5588;5833271
57067;9072;5589;5833712
6537;6545;9165;4834006
6545;6503;9166;4834104
6605;7277;9167;4834447
6566;6656;9168;4834741
6579;6579;9169;4834839
6588;6679;9170;4834888
6595;7368;9171;4834937
57067;57119;5589;5834006
9091;57042;5590;5834153
8599;8674;5591;5834545
57022;8599;5592;5834741
8603;9022;5593;5834937
6595;42355;9171;4835035
6551;6593;9173;4835084
6593;6551;9174;4835133
6564;6564;9175;4835231
6616;42066;9176;4835329
42065;6606;9178;4835378
8603;9198;5593;5835035
8743;57037;5594;5835231
57037;8743;5595;5835427
8807;8807;5596;5835623
9126;54087;5701;5835672
9126;54444;5701;5836015
54419;54114;5702;5836211
54270;9126;5703;5836946
54270;54111;5703;5837044
9107;54066;5704;5837485
9107;54786;5704;5838024
54745;9107;5705;5838220
8690;8919;5706;5838661
8690;8919;5706;5839004
8991;8690;5707;5839249
8919;8991;5708;5839788
8919;54424;5708;5840033
8980;8947;5709;5840278
8980;54993;5709;5841013
9191;8980;5710;5841062
54146;9068;5711;5841650
54146;54866;5711;5842042
54724;9102;5712;5842140
9138;9076;5713;5842483
54771;9138;5714;5842777
54771;54337;5714;5843022
8518;8910;5715;5843218
9009;8518;5716;5843414
8730;8719;5717;5843806
8730;9177;5717;5844002
9149;54053;5718;5844198
54053;9067;5719;5844737
54053;99999;5719;5845031
8981;8928;5720;5845227
54059;9301;5721;5845668
8519;8730;5722;5845962
8519;8730;5722;5846011
9177;9149;5723;5846501
9177;99999;5723;5847040
8933;8755;5724;5847138
9067;9110;5725;5847677
9067;54124;5725;5848020
54024;9200;5726;5848118
8545;8788;5727;5848412
8545;54198;5727;5849000
8650;9037;5728;5849049
8658;8714;5729;5849637
8658;99999;5729;5850029
8544;9006;5730;5850225
8692;8544;5731;5850813
8692;8544;5731;5851009
8714;8816;5732;5851450
9208;8692;5733;5852038
8883;8658;5734;5852577
8883;8902;5734;5853018
8816;8813;5735;5853116
8788;9208;5736;5853753
8788;54215;5736;5854047
9019;9244;5737;5854341
9025;8650;5738;5854978
9025;8650;5738;5855027
8710;8975;5739;5855566
8975;8749;5740;5855811
8975;9084;5740;5856007
8749;8710;5741;5856301
9206;9364;5742;5856644
9206;54375;5742;5857036
54327;9273;5743;5857183
54267;9365;5744;5857624
54267;54307;5744;5858016
9365;9346;5745;5858212
9346;54155;5746;5858702
9346;54485;5746;5859045
54194;9206;5747;5859241
8676;8754;5748;5859829
8676;8974;5748;5860025
8536;8829;5749;5860417
8536;9201;5749;5861005
9041;54051;5750;5861054
8537;54072;5751;5861495
8537;54072;5751;5862034
8540;8779;5752;5862279
8828;9221;5753;5862818
8828;9221;5753;5863014
9161;8892;5754;5863455
9161;9018;5754;5864043
9007;8540;5755;5864239
54213;8537;5756;5864778
54213;8537;5756;5865023
54072;9117;5757;5865366
54072;54037;5757;5866003
8863;54035;5758;5866248
8903;8863;5759;5866787
8903;8863;5759;5867032
8881;54174;5760;5867473
8926;8676;5761;5867963
8926;8676;5761;5868012
9018;8536;5762;5868649
9018;9007;5762;5869041
8716;54205;5763;5869286
9264;8770;5764;5869776
9264;99999;5764;5870021
9041;99999;5750;5870315
54354;9264;5765;5870413
54205;9222;5766;5870805
54205;54727;5766;5871001
54103;54025;5767;5871197
54127;54103;5768;5871785
54127;54103;5768;5872030
8770;8815;5769;5872275
8849;8716;5770;5872814
8849;8760;5770;5873010
8643;8538;5771;5873206
8894;8539;5772;5873941
8894;8643;5772;5874039
9124;8894;5773;5874627
9124;9183;5773;5875019
9183;8936;5774;5875215
8542;8891;5775;5875754
8542;54016;5775;5876048
8541;8542;5776;5876244
9253;8998;5777;5876832
9253;54984;5777;5877028
8891;8541;5778;5877273
8543;8825;5779;5877861
8543;54433;5779;5878008
54371;8804;5780;5878253
54004;8782;5781;5878792
54004;54101;5781;5879037
9159;54004;5782;5879527
8844;9136;5783;5880017
54477;8844;5784;5880507
9092;9125;5785;5880997
9092;9125;5785;5881046
54779;9092;5786;5881291
9125;54611;5787;5881438
8576;8578;5788;5881732
8576;8780;5788;5882026
8577;8580;5789;5882271
8875;8834;5790;5882859
8875;54115;5790;5883006
54044;8875;5791;5883447
54115;8997;5792;5883986
54115;9017;5792;5884035
8578;8582;5793;5884672
8578;8582;5793;5885015
8579;8969;5794;5885260
8580;8870;5795;5885799
8580;8870;5795;5886044
8581;8976;5796;5886387
8582;8677;5797;5886975
8582;9049;5797;5887024
8773;8577;5798;5887563
8969;99999;5805;5887857
8773;99999;5798;5888004
8870;8576;5799;5888102
8780;9187;5800;5888788
8780;9187;5800;5889033
9187;8773;5801;5889376
9187;55110;5801;5890013
54001;9283;5802;5890062
54243;8790;5803;5890846
54243;54230;5803;5891042
8688;8581;5804;5891238
8969;9266;5805;5891777
8969;54335;5805;5892022
54335;8688;5806;5892365
54451;8718;5807;5892953
54451;9196;5807;5893002
8592;8803;5808;5893247
8920;9217;5809;5893737
8920;54936;5809;5894031
8803;9359;5810;5894178
9217;8591;5811;5894570
9217;8592;5811;5895011
54123;8642;5812;5895060
9359;8961;5813;5895501
8597;8598;5814;5895991
8597;8598;5814;5896040
9052;8838;5815;5896677
9052;8866;5815;5897020
8598;9052;5816;5897363
8838;8597;5817;5898000
9238;8805;5818;5898539
9062;9358;5819;5899029
8805;9203;5820;5899519
54523;54271;5821;5899715
6573;99999;9132;4999029
